58221
41207
10360
56167
18231
56659
55131
6068
61952
58884
25395
4126
47376
14276
22182
25299
62463
31672
16142
31058
35629
50769
6603
36540
53557
19092
55697
48518
34389
23306
44062
27874
58977
32370
2955
25088
46638
24463
65300
47836
48776
53739
32742
30855
20404
23023
22837
8887
11229
55805
56618
52056
37591
1308
32637
22980
19612
29160
24353
57050
18919
42722
58448
58232
42032
6698
43665
63636
54110
60567
20546
33673
35143
14319
25407
5026
49339
30427
53841
40392
14772
59382
62745
52822
29504
50153
25940
45001
32762
32355
1830
6250
10065
34042
62818
58297
46907
44638
5537
22127
21174
15236
28645
51265
43803
8449
43916
16924
24171
43400
43761
5299
4277
58701
11670
23343
46837
39388
5009
48064
339
25499
11926
42543
45023
34412
25031
42363
31523
4967
44914
26237
1739
64962
22486
48099
2964
25763
31726
20192
7123
10003
29392
41753
51310
47178
64963
22561
53724
31617
12017
49368
32602
20355
19348
9360
46704
29413
43328
38361
59058
38445
65358
52186
47341
11651
21918
5499
19277
4035
40551
26697
36239
30982
29929
16491
57233
32644
23505
58987
33120
59205
49470
40252
4272
58326
49082
11152
50030
16715
8496
47441
19151
60122
52708
20954
64273
36348
39157
53221
59429
733
55049
65455
59461
3133
38438
64833
12811
43381
42336
29498
49703
57727
4157
49701
57577
58444
57932
19532
23160
33112
58605
4470
7639
48703
48264
15339
36370
40807
45897
34425
26006
49951
10790
22880
12112
56493
42681
55373
24218
46925
45988
41250
13585
35894
5107
55414
27293
15402
41095
1960
16000
20408
23323
45337
57962
21782
60836
40721
39447
9434
52254
52441
929
4212
53826
39267
61471
22809
6787
50340
39965
48284
16839
17796
24034
33125
59580
12058
52443
1079
15462
45595
11775
31218
47629
33251
3493
65438
58186
38582
10096
36367
40582
29022
14003
1707
62562
39097
48721
49614
51052
27828
55527
35768
61194
2034
21550
43436
46461
11188
52730
22604
56949
11344
64430
48123
4764
29689
64028
17973
37309
45695
19275
3885
29301
34928
63731
61235
5109
55564
38543
7171
13603
37244
40820
46872
42013
5273
2327
43525
53136
53054
46904
44413
54199
1705
62412
27847
56952
11569
15768
3008
29063
17078
35721
57669
65344
51136
34128
3731
17751
20659
42148
15398
40795
44997
32462
9855
18292
61234
5034
49939
9890
20917
61498
24834
27588
37527
62045
322
24224
47375
14201
16557
62183
10672
14030
3732
17826
26284
5264
1652
58437
57407
45694
19200
63797
648
48674
46089
48825
57414
46219
58575
2220
35500
41094
1885
10375
57292
37069
27695
45552
8550
51491
60753
34496
31331
56104
13506
29969
19491
20085
64635
63498
43760
5224
64189
30048
25416
5701
34427
26156
61201
2559
60925
47396
15776
3608
8526
49691
56827
2194
33550
25918
43351
40086
57359
42094
11348
64730
5086
53839
40242
3522
2076
24700
17538
4684
23689
7250
19528
22860
10612
9530
59454
2608
64600
60873
43496
50961
21003
2411
49825
1340
35037
6369
18990
48047
64601
60948
49121
14077
7257
20053
62235
14572
44382
51874
23941
26150
60751
34346
20081
64335
40998
60222
60208
59158
45945
38025
33858
49018
6352
17715
17959
36259
32482
11355
65255
44461
57799
9557
61479
23409
51787
17416
61071
58346
50582
58115
33257
3943
33651
33493
21643
50411
45290
54437
19555
24885
31413
62254
15997
20183
6448
24915
33663
34393
23606
1025
11412
3993
37401
52595
12479
18481
9872
19567
25785
33376
12868
47656
35276
24294
52625
14729
56157
17481
409
30749
12454
16606
321
24149
41750
51085
30303
44541
63799
798
59924
37858
21333
27161
5502
19502
20910
60973
50996
23628
2675
4088
44526
62674
47497
23351
47437
18851
37622
3633
10401
59242
52245
51766
15841
8483
46466
11563
15318
34795
53756
34017
60943
48746
51489
60603
23246
39562
18059
43759
5149
58564
1395
39162
53596
22017
12924
51856
22591
55974
3756
19626
30210
37566
64970
23086
27562
35577
46869
41788
53935
47442
19226
210
15824
7208
16378
48758
52389
62566
39397
5684
33152
61605
32859
39630
23159
33037
52980
41354
21385
31061
35854
2107
27025
60839
40946
56322
29856
11016
39830
38159
43908
16324
44708
10787
22655
60774
36071
18382
2447
52525
7229
17953
35809
64269
36048
16657
4146
48876
61239
5409
12527
22081
17724
18634
21347
28211
18715
27422
25077
45813
28125
12265
2431
51325
48303
18264
59134
44145
34099
1556
51237
41703
47560
28076
8590
54491
23605
950
5787
40877
51147
34953
69
5249
527
39599
20834
55273
16718
8721
64316
39573
18884
40097
58184
38432
64383
44598
2537
59275
54720
40780
43872
13624
38819
27871
58752
15495
48070
789
59249
52770
25604
19801
43335
38886
32896
42405
34673
44606
3137
38738
21796
61886
53934
47367
13601
37094
29570
55103
3968
35526
43044
17061
34446
27581
37002
22670
61899
54909
54955
58405
55007
62305
19822
44910
25937
44776
15887
11933
43068
18861
38372
59883
34783
52856
32054
44792
17087
36396
42757
61073
58496
61832
49884
5765
39227
58471
59957
40333
10347
55192
10643
11855
37218
38870
31696
17942
34984
2394
48550
36789
6695
43440
46761
33688
36268
33157
61980
60984
51821
19966
55710
49493
41977
2573
61975
60609
23696
7775
58903
26820
45464
1950
15250
29695
64478
51723
12616
28756
59590
12808
43156
25461
9076
25404
4801
32464
10005
29542
53003
43079
19686
34710
47381
14651
50307
37490
59270
54345
12655
31681
16817
16146
31358
58129
34307
17156
41571
37660
6483
27540
33927
54193
1255
28662
52540
8354
36791
6845
54690
38530
6196
6015
57977
22907
14137
11757
29868
11916
41793
54310
10030
31417
62554
38497
3721
17001
29946
17766
21784
60986
51971
31216
47479
22001
11724
27393
22902
13762
49169
17677
15109
19120
57797
9407
50229
31640
13742
47669
36251
31882
31892
32642
23355
47737
41351
21160
14186
15432
43345
39636
23609
1250
28287
24415
61700
39984
49709
58177
37907
25008
40638
33222
1318
33387
13693
43994
22774
4162
50076
20165
5098
54739
42205
19673
33735
39793
35384
32394
4755
29014
13403
22244
29949
17991
38659
15871
10733
18605
19172
61697
39759
32834
37755
13608
37619
3408
59063
38820
27946
64377
44148
34324
18431
6122
465
34949
65306
48286
16989
29046
15803
5633
29327
36878
13370
19769
40935
55497
33518
23518
59962
40708
38472
1846
7450
34528
33731
39493
12884
48856
59739
23983
29300
34853
58106
32582
18855
37922
26133
59476
4258
57276
35869
3232
45863
31875
31367
58804
19395
12885
48931
65364
52636
15554
52495
4979
45814
28200
17890
31084
37579
408
30674
6829
53490
14067
6507
29340
37853
20958
64573
58848
22695
63774
64460
50373
42440
37298
44870
22937
16387
49433
37477
58295
46757
33388
13768
49619
51427
55953
2181
32575
18330
64084
22173
24624
11838
35943
8782
3354
55013
62755
53572
20217
8998
19554
24810
25788
33601
29743
2541
59575
11683
24318
54425
18655
22922
15262
30595
904
2337
44275
43849
11899
40518
24222
47225
2951
24788
24138
40925
54747
42805
64673
811
60899
45446
600
45074
38237
49758
61852
51384
52728
22454
45699
19575
26385
12839
45481
3225
45338
58037
27407
23952
26975
57089
21844
65486
61786
46434
9163
31929
35417
34869
59306
57045
18544
14597
46257
61425
19359
10185
43042
16911
23196
35812
64494
52923
37079
28445
36265
32932
45105
40562
27522
32577
18480
9797
13942
62669
47122
60763
35246
22044
14949
7120
9778
12517
21331
27011
59789
27733
48402
25689
26176
62701
49522
44152
34624
40931
55197
11018
39980
49409
35677
54369
14455
35607
49119
13927
61544
28284
24190
44825
19562
25410
5251
677
50849
12603
27781
52002
33541
25243
58263
44357
49999
14390
30732
11179
52055
37516
61220
3984
36726
1970
16750
11121
47705
38951
37771
14808
62082
3097
35738
58944
29895
13941
62594
41497
32110
48992
4402
2539
59425
433
32549
16380
48908
63639
54335
11905
40968
57972
22532
51549
65103
33061
54780
45280
53687
28842
503
37799
16908
22971
18937
44072
28624
49690
56752
62106
4897
39664
25709
27676
44127
32749
31380
59779
26983
57689
1307
32562
17355
56496
42906
6711
44640
5687
33377
12943
53281
63929
10548
4730
27139
3852
26826
45914
35700
56094
12756
39256
60646
26471
19289
4935
42514
42848
2361
46075
47775
44201
38299
54408
17380
58371
52457
2129
28675
53515
15942
16058
24758
21888
3249
47138
61963
59709
21733
57161
27244
11727
27618
39777
34184
7931
5066
52339
58816
20295
14848
65082
31486
2192
33400
14668
51582
2041
22075
17274
50421
46040
45150
43937
18499
11222
55280
17243
48096
2739
8888
11304
61430
19734
38310
55233
13718
45869
32325
65117
34111
2456
53200
57854
13682
43169
26436
16664
4671
22714
65199
40261
4947
43414
44811
18512
12197
62868
62047
472
35474
39144
52246
51841
21466
37136
32720
29205
27728
48027
63101
13985
357
26849
47639
34001
59743
24283
51800
18391
3122
37613
2958
25313
63513
44885
24062
35225
20469
27898
60777
36296
35257
22869
11287
60155
55183
9968
26767
41489
31510
3992
37326
46970
49363
32227
57767
7157
12553
24031
32900
42705
57173
28144
13690
43769
5899
49277
25777
32776
33405
15043
14170
14232
18882
39947
46934
46663
26338
9314
43254
32811
36030
15307
33970
57418
46519
15538
51295
46053
46125
51525
63303
29135
22478
47499
23501
58687
10620
10130
38917
35221
20169
5398
11702
25743
30226
38766
23896
22775
4237
55701
48818
56889
6844
54615
32905
43080
19761
40335
10497
905
2412
49900
6965
63690
58160
36632
60457
12296
4756
29089
19028
50897
16203
35633
51069
29103
20078
64110
24123
39800
35909
6232
8715
63866
5823
43577
57036
17869
29509
50528
54065
57192
29569
55028
63880
6873
56790
64956
22036
14349
27657
42702
56948
11269
58805
19470
18510
12047
51618
4741
27964
190
14324
25782
33151
61530
27234
10977
36905
15395
40570
28122
12040
51093
30903
24004
30875
21904
4449
6064
61652
36384
41857
59110
42345
30173
34791
53456
11517
11868
38193
46458
10963
35855
2182
32650
23955
27200
8427
42266
24248
49175
18127
48859
59964
40858
49722
59152
45495
4275
58551
420
31574
8792
4104
45726
21600
47186
26
2024
20800
52723
22079
17574
7384
29578
55703
48968
2602
64150
27123
2652
2363
46225
59025
35970
10807
24155
42200
19298
5610
27602
38577
9721
8242
28391
32215
56867
5194
61939
57909
17807
24859
29463
47078
57463
49894
6515
29940
17316
53571
20142
3373
56438
38556
8146
21191
16511
58733
14070
6732
46215
58275
45257
51962
30541
62391
26272
4364
65226
42286
25748
30601
1354
36087
19582
26910
52214
49441
38077
37758
13833
54494
23830
17825
26209
65176
38536
6646
39765
33284
5968
54452
20680
43723
2449
52675
18479
9722
8317
34016
60868
43121
22836
8812
5604
27152
4827
34414
25181
53613
23292
43012
14661
51057
28203
18115
47959
58001
24707
18063
44059
27649
42102
11948
44193
37699
9408
50304
37265
42395
33923
53893
44292
45124
41987
3323
52688
19454
17310
53121
51929
28066
7840
63778
64760
7336
25978
47851
49901
7040
3778
21276
22886
12562
24706
17988
38434
64533
55848
59843
31783
24467
63
4799
32314
64292
37773
14958
7795
60403
8246
28691
54715
40405
15747
1433
42012
5198
62239
14872
1345
35412
34494
31181
44854
21737
57461
49744
60802
38171
44808
18287
60859
42446
37748
13083
63781
64985
24211
46400
6613
37290
44270
43474
49311
28327
27415
24552
6438
24165
42950
10011
29992
21216
18386
2747
9488
56304
28506
40840
48372
23439
54037
55092
3143
39188
55546
37193
36995
22145
22524
50949
20103
448
33674
35218
19944
54060
56817
1444
42837
1536
49737
60277
64333
40848
48972
2902
21113
10661
13205
7394
30328
46416
7813
61753
43959
20149
3898
30276
42516
42998
13611
37844
20283
13948
63119
15335
36070
18307
62359
23872
20975
311
23399
51037
26703
36689
64732
5236
65089
32011
41567
37360
49520
44002
23374
49162
17152
41271
15160
22945
16987
28896
4553
13864
56819
1594
54087
58842
22245
30024
23616
1775
2125
28375
31015
32404
5505
19727
37785
15858
9758
11017
39905
43784
7024
2578
62350
23197
35887
4582
16039
23333
46087
48675
46164
54450
20530
32473
10680
14630
48732
50439
47390
15326
35395
33219
1093
16512
58808
19695
35385
32469
10380
57667
65194
39886
42359
31223
48004
61376
15684
62245
15322
35095
10719
17555
5959
53777
35592
47994
60626
24971
37863
21708
55286
17693
16309
43583
57486
51619
4816
33589
28843
578
43424
45561
9225
36579
56482
41856
59035
36720
1520
48537
35814
64644
64173
28848
953
6012
57752
6032
59252
52995
42479
40223
2097
26275
4589
16564
62708
50047
17990
38584
10246
47617
32351
1530
49287
26527
23489
57787
8657
59516
7258
20128
2323
43225
30636
3979
36351
39382
4559
14314
25032
42438
37148
33620
31168
43879
14149
12657
31831
28067
7915
3866
27876
59127
43620
60261
63133
16385
49283
26227
989
8712
63641
54485
23155
32737
30480
57816
10832
26030
51751
14716
55182
9893
21142
12836
45256
51887
24916
33738
40018
52259
52816
29054
16403
50633
61940
57984
23432
53512
15717
64720
4336
63126
15860
9908
22267
31674
16292
42308
27398
23277
41887
61360
14484
37782
15633
58420
56132
15606
56395
35331
28419
34315
17756
21034
4736
27589
37602
2133
28975
10478
65017
26611
29789
5991
56177
18981
47372
13976
65219
41761
51910
26641
32039
43667
63786
65360
52336
58591
3420
59963
40783
44097
30499
59241
52170
46141
52725
22229
28824
64690
2086
25450
8251
29066
17303
52596
12554
24106
38525
5821
43427
45786
26100
57001
15244
29245
30728
10879
29555
53978
50667
64490
52623
14579
44907
25712
27901
61002
53171
55679
47168
64213
31848
29342
38003
32208
56342
31356
57979
23057
25387
3526
2376
47200
1076
15237
28720
56890
6919
60240
61558
29334
37403
52745
23729
10250
47917
54851
50605
59840
31558
7592
45178
46037
44925
27062
63614
52460
2354
45550
8400
40241
3447
61988
61584
31284
52579
11279
59555
10183
42892
5661
31427
63304
29210
28103
10615
9755
10792
23030
23362
48262
15189
25120
49038
7852
64678
1186
23487
57637
62944
2210
34750
50381
43040
16761
11946
44043
26449
17639
12259
1981
17575
7459
35203
18819
35222
20244
11023
40355
11997
47868
51176
37128
32120
49742
60652
26921
53039
45779
25575
17626
11284
59930
38308
55083
2468
54100
59817
29833
9291
41529
34510
32381
3780
21426
34136
4331
62751
53272
63254
25460
9001
19779
41685
46210
57900
17132
39771
33734
39718
29759
3741
18501
11372
993
9012
20604
38023
33708
37768
14583
45207
48212
11439
6018
58202
39782
34559
36056
17257
49146
15952
16808
15471
46270
62400
26947
54989
60955
49646
53452
11217
54905
54655
35905
5932
51752
14791
60807
38546
7396
30478
57666
65119
34261
13706
44969
30362
48966
2452
52900
35354
30144
32616
21405
32561
17280
50871
14253
20457
26998
58814
20145
3598
7776
58978
32445
8580
53741
32892
42105
12173
61068
58121
33707
37693
8958
16554
61958
59334
59145
44970
30437
54591
31105
39154
52996
42554
45848
30750
12529
22231
28974
10403
59392
63495
43535
53886
43767
5749
38027
34008
60268
63658
55760
53243
61079
58946
30045
25191
54363
14005
1857
8275
30866
21229
19361
10335
54292
8680
61241
5559
23777
13850
55769
53918
46167
54675
37405
52895
34979
2019
20425
24598
9888
20767
50248
33065
55080
2243
37225
39395
5534
21902
4299
60351
4346
63876
6573
34290
15881
11483
9318
43554
55311
19568
25860
39001
41521
33910
52918
36704
320
24074
36125
22432
44049
26899
51389
53103
50579
57890
16382
49058
9352
46104
49950
10715
17255
48996
4702
25039
42963
10986
37580
483
36299
35482
39744
31709
18917
42572
47198
926
3987
36951
18845
37172
35420
35094
10644
11930
42843
1986
17950
35584
47394
15626
57895
16757
11646
21543
42911
7086
7228
17878
30184
35616
49794
64552
57273
35644
51894
25441
7576
43978
21574
45236
50387
43490
50511
52790
27104
1227
26562
26114
58051
28457
37165
34895
61256
6684
42615
50423
46190
56400
35706
56544
46506
14563
43707
1249
28212
18790
33047
53730
32067
45767
24675
15663
60670
28271
23215
37237
40295
7497
38053
35958
9907
22192
26049
53176
56054
9756
10867
28655
52015
34516
32831
37530
62270
17197
44646
6137
1590
53787
36342
38707
19471
18585
17672
14734
56532
45606
12600
27556
35127
13119
944
5337
7127
10303
51892
25291
61863
52209
49066
9952
25567
17026
31821
27317
17202
45021
34262
13781
50594
59015
35220
20094
65310
48586
39489
12584
26356
10664
13430
24269
50750
5178
60739
33446
18118
48184
9339
45129
42362
31448
64879
16261
39983
49634
52552
9254
38754
22996
20812
53623
24042
33725
39043
44671
8012
11141
49205
20377
20998
2036
21700
54686
38230
49233
22477
47424
17876
30034
24366
58025
26507
21989
10824
25430
6751
47640
34076
65368
52936
38054
36033
15532
50845
12303
5281
2927
22988
20212
8623
56966
12619
28981
10928
33230
1918
12850
46306
65100
32836
37905
24858
29388
41453
28810
63640
54410
17530
4084
44226
40174
63959
12798
42406
34748
50231
31790
24992
39438
8759
1629
56712
59106
42045
7673
51253
42903
6486
27765
50802
9078
25554
16051
24233
48050
64826
12286
4006
38376
60183
57283
36394
42607
49823
1190
23787
14600
46482
12763
39781
34484
30431
54141
62892
63847
4398
2239
36925
16895
21996
11349
64805
10711
16955
26496
21164
14486
37932
26883
50189
28640
50890
15678
61795
47109
59788
27658
42777
62573
39922
45059
37112
30920
25279
60963
50246
32915
43830
10474
64717
4111
46251
60975
51146
34878
59981
42133
14273
21957
8424
42041
7373
28753
59365
61470
22734
1162
21687
53711
30642
4429
4564
14689
53157
54629
33955
56293
27681
44502
60874
43571
56586
49656
54202
1930
13750
48269
15714
64495
52998
42704
57098
22519
50574
57515
53794
36867
12545
23431
53437
10092
36067
18082
45484
3450
62213
12922
51706
11341
64205
31248
49879
5390
11102
46280
63150
17660
13834
54569
29455
46478
12463
17281
50946
19878
49110
13252
10919
32555
16830
17121
38946
37396
52220
49891
6290
13065
62431
29272
32753
31680
16742
10521
2705
6338
16665
4746
28339
28315
26515
22589
55824
58043
27857
57702
2282
40150
62159
8872
10104
36967
20045
61635
35109
11769
30768
13879
57944
20432
25123
49263
24727
19563
25485
10876
29330
37103
30245
40191
65234
42886
5211
63214
22460
46149
53325
1692
61437
20259
12148
59193
48570
38289
53658
26667
33989
58843
22320
35649
52269
53566
19767
40785
44247
41749
51010
24678
15888
12008
48693
47514
24626
11988
47193
551
41399
24760
22038
14499
38907
34471
29456
46553
18088
45934
37200
37520
61520
26484
20264
12523
21781
60761
35096
10794
23180
34612
40031
53234
60404
8321
34316
17831
26659
33389
13843
55244
14543
42207
19823
44985
31562
7892
2141
29575
55478
32093
47717
39851
39734
30959
28204
18190
53584
21117
10961
35705
56469
40881
51447
57453
49144
15802
5558
23702
8225
27116
2127
28525
42265
24173
43550
55011
62605
42322
28448
36490
49807
65527
64861
14911
4270
58176
37832
19383
11985
46968
49213
20977
461
34649
42806
64748
6436
24015
31700
18242
57484
51469
59103
41820
56335
30831
18604
19097
56072
11106
46580
20113
1198
24387
59600
13558
33869
49843
2690
5213
63364
33710
37918
25833
36976
20720
46723
30838
19129
58472
60032
45958
39000
41446
28285
24265
50450
48215
11664
22893
13087
64081
21948
7749
56953
11644
21393
31661
15317
34720
48131
5364
9152
31104
39079
47371
13901
59594
13108
119
8999
19629
30435
54441
19855
47385
14951
7270
21028
4286
59376
62295
19072
54197
1555
51162
36078
18907
41822
56485
42081
10373
57142
25819
35926
7507
38803
26671
34289
15806
5858
46202
57300
37669
7158
12628
29656
61553
28959
9278
40554
26922
53114
51404
54228
3880
28926
6803
51540
64428
47973
59051
37920
25983
48226
12489
19231
585
43949
19399
13185
5894
48902
63189
20585
36598
57907
17657
13609
37694
9033
22179
25074
45588
11250
57380
43669
63936
11073
44105
31099
38704
19246
1710
62787
55972
3606
8376
38441
65058
29686
63803
1098
16887
21396
31886
32192
55142
6893
58290
46382
5263
1577
52812
28754
59440
1558
51387
52953
39329
584
43874
13774
50069
19640
31260
50779
7353
27253
12402
12706
35506
41544
35635
51219
40353
11847
36618
59407
64620
62373
24922
34188
8231
27566
35877
3832
25326
64488
52473
3329
53138
53204
58154
36182
26707
36989
21695
54311
10105
37042
25670
24751
21363
29411
43178
27111
1752
400
30074
27366
20877
58498
61982
61134
63071
11735
28218
19240
1260
29037
15128
20545
33598
29518
51203
39153
52921
36929
17195
44496
60424
9821
15742
1058
13887
58544
65432
57736
4832
34789
53306
267
20099
148
11174
51680
9391
49029
7177
14053
5457
16127
29933
16791
14196
16182
34058
64018
17223
46596
21313
25661
24076
36275
33682
35818
64944
21136
12386
11506
11043
41855
58960
31095
38404
62283
18172
52234
50941
19503
20985
1061
14112
9882
20317
16498
57758
6482
27465
28302
25540
15001
11020
40130
60659
27446
26877
49739
60427
10046
32617
21480
38186
45933
37125
31895
32867
40230
2622
113
8549
51416
55128
5843
45077
38462
1096
16737
10146
40117
59684
19858
47610
31826
27692
45327
57212
31069
36454
47107
59638
16408
51008
24528
4638
20239
10648
12230
65343
51061
28503
40615
31497
3017
29738
2166
31450
65029
27511
31752
22142
22299
34074
65218
41686
46285
63525
45785
26025
51376
52128
42991
13086
64006
16323
44633
5162
59539
8983
18429
5972
54752
43180
27261
13002
57706
2582
62650
45697
19425
15135
21070
7436
33478
20518
31573
8717
64016
17073
35346
29544
53153
54329
11455
7218
17128
39471
11234
56180
19206
64247
34398
23981
29150
23603
800
60074
49108
13102
65206
40786
44322
47374
14126
10932
33530
24418
61925
56859
4594
16939
25296
62238
14797
61257
6759
48240
13539
32444
8505
48116
4239
55851
60068
48658
44889
24362
57725
4007
38451
271
20399
22648
60249
62233
14422
33132
60105
51433
56403
35931
7882
1391
38862
31096
38479
2371
46825
38488
3046
31913
34217
10406
59617
14833
63957
12648
31156
42979
12186
62043
172
12974
55606
41693
46810
37363
49745
60877
43796
7924
4541
12964
54856
50980
22428
43749
4399
2314
42550
45548
8250
28991
11678
23943
26300
6464
26115
58126
34082
281
21149
13361
19094
55847
59768
26158
61351
13809
52694
19904
51060
28428
34990
2844
16763
12096
55293
18218
55684
47543
26801
44039
26149
60676
28721
56965
12544
23356
47812
46976
49813
440
33074
55755
52868
32954
46755
33238
2518
57850
13382
20669
42898
6111
65177
38611
12271
2881
19538
23610
1325
33912
53068
47954
57626
62119
5872
47252
4976
45589
11325
63005
6785
50190
28715
56515
44331
48049
64751
6661
40890
52122
42541
44873
23162
33262
4318
61776
45684
18450
7547
41803
55060
743
55799
56168
18306
62284
18247
57859
14057
5757
38627
13471
27344
19227
285
21449
35861
2632
863
64799
10261
48742
51189
38103
39708
29009
13028
59656
17758
21184
15986
19358
10110
37417
53795
36942
18170
52084
39691
27734
48477
31314
54829
48955
1627
56562
47856
50276
35165
15969
18083
45559
9075
25329
64713
3811
23751
11900
40593
29847
10341
54742
42430
36548
54157
64092
22773
4087
44451
57049
18844
37097
29795
6441
24390
59825
30433
54291
8605
55616
42443
37523
61745
43359
40686
36822
9170
32454
9255
38829
28621
49465
39877
41684
46135
52275
54016
53517
16092
27308
16527
59933
38533
6421
22890
12862
47206
1526
48987
4027
39951
47234
3626
9876
19867
48285
16914
23421
52687
19379
11685
24468
138
10424
60967
50546
55415
27368
21027
4211
53751
33642
32818
36555
54682
37930
26733
38939
36871
12845
45931
36975
20645
41098
2185
32875
40830
47622
32726
29655
61478
23334
46162
54300
9280
40704
38172
44883
23912
23975
28700
55390
25493
11476
8793
4179
51351
50253
33440
17668
14434
34032
62068
2047
22525
51024
25728
29101
19928
52860
32354
1755
625
46949
47788
45176
45887
33675
35293
25569
17176
43071
19086
55247
14768
59082
40245
3747
18951
45122
41837
57610
60919
46946
47563
28301
25465
9376
47904
53876
43017
15036
13645
40394
14922
5095
54514
25330
64788
9436
52404
63691
58235
42257
23573
64087
22398
41499
32260
60242
61708
40584
29172
25253
59013
35070
8844
8004
10541
4205
53301
65429
57511
53494
14367
29007
12878
48406
25989
48676
46239
60075
49183
18727
28322
27040
61964
59784
27358
20277
13498
29369
40028
53009
43529
53436
10017
30442
54966
59230
51345
49803
65227
42361
31373
59254
53145
53729
31992
40142
61559
29409
43028
15861
9983
27892
60327
2546
59950
39808
36509
51232
41328
19435
15885
11783
31818
27092
327
24599
9963
26392
13364
19319
7185
14653
50457
48740
51039
26853
47939
56501
43281
34836
56831
2494
56050
9456
53904
45117
41462
29485
48728
50139
24890
31788
24842
28188
16990
29121
21428
34286
15581
54520
25780
33001
50280
35465
38469
1621
56112
14106
9432
52104
41191
9160
31704
18542
14447
35007
4119
46851
40438
18222
55984
4506
10339
54592
31180
44779
16112
28808
63490
43160
25761
31576
8942
15354
37495
59645
16933
24846
28488
39490
12659
31981
39317
65221
41911
63160
18410
4547
13414
23069
26287
5489
18527
13322
16169
33083
56430
37956
28683
54115
60942
48671
45864
31950
36992
21920
5649
30527
61341
13059
61981
61059
57446
48619
41964
1598
54387
15805
5783
40577
28647
51415
55053
218
16424
52208
48991
4327
62451
30772
14179
14907
3970
35676
54294
8830
6954
62865
61822
49134
15052
14845
64857
14611
47307
9101
27279
14352
27882
59577
11833
35568
58221
41207
10360
56167
18231
56659
55131
6068
61952
58884
25395
4126
47376
14276
22182
25299
62463
31672
16142
31058
35629
50769
6603
36540
53557
19092
55697
48518
34389
23306
44062
27874
58977
32370
2955
25088
46638
24463
65300
47836
48776
53739
32742
30855
20404
23023
22837
8887
11229
55805
56618
52056
37591
1308
32637
22980
19612
29160
24353
57050
18919
42722
58448
58232
42032
6698
43665
63636
54110
60567
20546
33673
35143
14319
25407
5026
49339
30427
53841
40392
14772
59382
62745
52822
29504
50153
25940
45001
32762
32355
1830
6250
10065
34042
62818
58297
46907
44638
5537
22127
21174
15236
28645
51265
43803
8449
43916
16924
24171
43400
43761
5299
4277
58701
11670
23343
46837
39388
5009
48064
339
25499
11926
42543
45023
34412
25031
42363
31523
4967
44914
26237
1739
64962
22486
48099
2964
25763
31726
20192
7123
10003
29392
41753
51310
47178
64963
22561
53724
31617
12017
49368
32602
20355
19348
9360
46704
29413
43328
38361
59058
38445
65358
52186
47341
11651
21918
5499
19277
4035
40551
26697
36239
30982
29929
16491
57233
32644
23505
58987
33120
59205
49470
40252
4272
58326
49082
11152
50030
16715
8496
47441
19151
60122
52708
20954
64273
36348
39157
53221
59429
733
55049
65455
59461
3133
38438
64833
12811
43381
42336
29498
49703
57727
4157
49701
57577
58444
57932
19532
23160
33112
58605
4470
7639
48703
48264
15339
36370
40807
45897
34425
26006
49951
10790
22880
12112
56493
42681
55373
24218
46925
45988
41250
13585
35894
5107
55414
27293
15402
41095
1960
16000
20408
23323
45337
57962
21782
60836
40721
39447
9434
52254
52441
929
4212
53826
39267
61471
22809
6787
50340
39965
48284
16839
17796
24034
33125
59580
12058
52443
1079
15462
45595
11775
31218
47629
33251
3493
65438
58186
38582
10096
36367
40582
29022
14003
1707
62562
39097
48721
49614
51052
27828
55527
35768
61194
2034
21550
43436
46461
11188
52730
22604
56949
11344
64430
48123
4764
29689
64028
17973
37309
45695
19275
3885
29301
34928
63731
61235
5109
55564
38543
7171
13603
37244
40820
46872
42013
5273
2327
43525
53136
53054
46904
44413
54199
1705
62412
27847
56952
11569
15768
3008
29063
17078
35721
57669
65344
51136
34128
3731
17751
20659
42148
15398
40795
44997
32462
9855
18292
61234
5034
49939
9890
20917
61498
24834
27588
37527
62045
322
24224
47375
14201
16557
62183
10672
14030
3732
17826
26284
5264
1652
58437
57407
45694
19200
63797
648
48674
46089
48825
57414
46219
58575
2220
35500
41094
1885
10375
57292
37069
27695
45552
8550
51491
60753
34496
31331
56104
13506
29969
19491
20085
64635
63498
43760
5224
64189
30048
25416
5701
34427
26156
61201
2559
60925
47396
15776
3608
8526
49691
56827
2194
33550
25918
43351
40086
57359
42094
11348
64730
5086
53839
40242
3522
2076
24700
17538
4684
23689
7250
19528
22860
10612
9530
59454
2608
64600
60873
43496
50961
21003
2411
49825
1340
35037
6369
18990
48047
64601
60948
49121
14077
7257
20053
62235
14572
44382
51874
23941
26150
60751
34346
20081
64335
40998
60222
60208
59158
45945
38025
33858
49018
6352
17715
17959
36259
32482
11355
65255
44461
57799
9557
61479
23409
51787
17416
61071
58346
50582
58115
33257
3943
33651
33493
21643
50411
45290
54437
19555
24885
31413
62254
15997
20183
6448
24915
33663
34393
23606
1025
11412
3993
37401
52595
12479
18481
9872
19567
25785
33376
12868
47656
35276
24294
52625
14729
56157
17481
409
30749
12454
16606
321
24149
41750
51085
30303
44541
63799
798
59924
37858
21333
27161
5502
19502
20910
60973
50996
23628
2675
4088
44526
62674
47497
23351
47437
18851
37622
3633
10401
59242
52245
51766
15841
8483
46466
11563
15318
34795
53756
34017
60943
48746
51489
60603
23246
39562
18059
43759
5149
58564
1395
39162
53596
22017
12924
51856
22591
55974
3756
19626
30210
37566
64970
23086
27562
35577
46869
41788
53935
47442
19226
210
15824
7208
16378
48758
52389
62566
39397
5684
33152
61605
32859
39630
23159
33037
52980
41354
21385
31061
35854
2107
27025
60839
40946
56322
29856
11016
39830
38159
43908
16324
44708
10787
22655
60774
36071
18382
2447
52525
7229
17953
35809
64269
36048
16657
4146
48876
61239
5409
12527
22081
17724
18634
21347
28211
18715
27422
25077
45813
28125
12265
2431
51325
48303
18264
59134
44145
34099
1556
51237
41703
47560
28076
8590
54491
23605
950
5787
40877
51147
34953
69
5249
527
39599
20834
55273
16718
8721
64316
39573
18884
40097
58184
38432
64383
44598
2537
59275
54720
40780
43872
13624
38819
27871
58752
15495
48070
789
59249
52770
25604
19801
43335
38886
32896
42405
34673
44606
3137
38738
21796
61886
53934
47367
13601
37094
29570
55103
3968
35526
43044
17061
34446
27581
37002
22670
61899
54909
54955
58405
55007
62305
19822
44910
25937
44776
15887
11933
43068
18861
38372
59883
34783
52856
32054
44792
17087
36396
42757
61073
58496
61832
49884
5765
39227
58471
59957
40333
10347
55192
10643
11855
37218
38870
31696
17942
34984
2394
48550
36789
6695
43440
46761
33688
36268
33157
61980
60984
51821
19966
55710
49493
41977
2573
61975
60609
23696
7775
58903
26820
45464
1950
15250
29695
64478
51723
12616
28756
59590
12808
43156
25461
9076
25404
4801
32464
10005
29542
53003
43079
19686
34710
47381
14651
50307
37490
59270
54345
12655
31681
16817
16146
31358
58129
34307
17156
41571
37660
6483
27540
33927
54193
1255
28662
52540
8354
36791
6845
54690
38530
6196
6015
57977
22907
14137
11757
29868
11916
41793
54310
10030
31417
62554
38497
3721
17001
29946
17766
21784
60986
51971
31216
47479
22001
11724
27393
22902
13762
49169
17677
15109
19120
57797
9407
50229
31640
13742
47669
36251
31882
31892
32642
23355
47737
41351
21160
14186
15432
43345
39636
23609
1250
28287
24415
61700
39984
49709
58177
37907
25008
40638
33222
1318
33387
13693
43994
22774
4162
50076
20165
5098
54739
42205
19673
33735
39793
35384
32394
4755
29014
13403
22244
29949
17991
38659
15871
10733
18605
19172
61697
39759
32834
37755
13608
37619
3408
59063
38820
27946
64377
44148
34324
18431
6122
465
34949
65306
48286
16989
29046
15803
5633
29327
36878
13370
19769
40935
55497
33518
23518
59962
40708
38472
1846
7450
34528
33731
39493
12884
48856
59739
23983
29300
34853
58106
32582
18855
37922
26133
59476
4258
57276
35869
3232
45863
31875
31367
58804
19395
12885
48931
65364
52636
15554
52495
4979
45814
28200
17890
31084
37579
408
30674
6829
53490
14067
6507
29340
37853
20958
64573
58848
22695
63774
64460
50373
42440
37298
44870
22937
16387
49433
37477
58295
46757
33388
13768
49619
51427
55953
2181
32575
18330
64084
22173
24624
11838
35943
8782
3354
55013
62755
53572
20217
8998
19554
24810
25788
33601
29743
2541
59575
11683
24318
54425
18655
22922
15262
30595
904
2337
44275
43849
11899
40518
24222
47225
2951
24788
24138
40925
54747
42805
64673
811
60899
45446
600
45074
38237
49758
61852
51384
52728
22454
45699
19575
26385
12839
45481
3225
45338
58037
27407
23952
26975
57089
21844
65486
61786
46434
9163
31929
35417
34869
59306
57045
18544
14597
46257
61425
19359
10185
43042
16911
23196
35812
64494
52923
37079
28445
36265
32932
45105
40562
27522
32577
18480
9797
13942
62669
47122
60763
35246
22044
14949
7120
9778
12517
21331
27011
59789
27733
48402
25689
26176
62701
49522
44152
34624
40931
55197
11018
39980
49409
35677
54369
14455
35607
49119
13927
61544
28284
24190
44825
19562
25410
5251
677
50849
12603
27781
52002
33541
25243
58263
44357
49999
14390
30732
11179
52055
37516
61220
3984
36726
1970
16750
11121
47705
38951
37771
14808
62082
3097
35738
58944
29895
13941
62594
41497
32110
48992
4402
2539
59425
433
32549
16380
48908
63639
54335
11905
40968
57972
22532
51549
65103
33061
54780
45280
53687
28842
503
37799
16908
22971
18937
44072
28624
49690
56752
62106
4897
39664
25709
27676
44127
32749
31380
59779
26983
57689
1307
32562
17355
56496
42906
6711
44640
5687
33377
12943
53281
63929
10548
4730
27139
3852
26826
45914
35700
56094
12756
39256
60646
26471
19289
4935
42514
42848
2361
46075
47775
44201
38299
54408
17380
58371
52457
2129
28675
53515
15942
16058
24758
21888
3249
47138
61963
59709
21733
57161
27244
11727
27618
39777
34184
7931
5066
52339
58816
20295
14848
65082
31486
2192
33400
14668
51582
2041
22075
17274
50421
46040
45150
43937
18499
11222
55280
17243
48096
2739
8888
11304
61430
19734
38310
55233
13718
45869
32325
65117
34111
2456
53200
57854
13682
43169
26436
16664
4671
22714
65199
40261
4947
43414
44811
18512
12197
62868
62047
472
35474
39144
52246
51841
21466
37136
32720
29205
27728
48027
63101
13985
357
26849
47639
34001
59743
24283
51800
18391
3122
37613
2958
25313
63513
44885
24062
35225
20469
27898
60777
36296
35257
22869
11287
60155
55183
9968
26767
41489
31510
3992
37326
46970
49363
32227
57767
7157
12553
24031
32900
42705
57173
28144
13690
43769
5899
49277
25777
32776
33405
15043
14170
14232
18882
39947
46934
46663
26338
9314
43254
32811
36030
15307
33970
57418
46519
15538
51295
46053
46125
51525
63303
29135
22478
47499
23501
58687
10620
10130
38917
35221
20169
5398
11702
25743
30226
38766
23896
22775
4237
55701
48818
56889
6844
54615
32905
43080
19761
40335
10497
905
2412
49900
6965
63690
58160
36632
60457
12296
4756
29089
19028
50897
16203
35633
51069
29103
20078
64110
24123
39800
35909
6232
8715
63866
5823
43577
57036
17869
29509
50528
54065
57192
29569
55028
63880
6873
56790
64956
22036
14349
27657
42702
56948
11269
58805
19470
18510
12047
51618
4741
27964
190
14324
25782
33151
61530
27234
10977
36905
15395
40570
28122
12040
51093
30903
24004
30875
21904
4449
6064
61652
36384
41857
59110
42345
30173
34791
53456
11517
11868
38193
46458
10963
35855
2182
32650
23955
27200
8427
42266
24248
49175
18127
48859
59964
40858
49722
59152
45495
4275
58551
420
31574
8792
4104
45726
21600
47186
26
2024
20800
52723
22079
17574
7384
29578
55703
48968
2602
64150
27123
2652
2363
46225
59025
35970
10807
24155
42200
19298
5610
27602
38577
9721
8242
28391
32215
56867
5194
61939
57909
17807
24859
29463
47078
57463
49894
6515
29940
17316
53571
20142
3373
56438
38556
8146
21191
16511
58733
14070
6732
46215
58275
45257
51962
30541
62391
26272
4364
65226
42286
25748
30601
1354
36087
19582
26910
52214
49441
38077
37758
13833
54494
23830
17825
26209
65176
38536
6646
39765
33284
5968
54452
20680
43723
2449
52675
18479
9722
8317
34016
60868
43121
22836
8812
5604
27152
4827
34414
25181
53613
23292
43012
14661
51057
28203
18115
47959
58001
24707
18063
44059
27649
42102
11948
44193
37699
9408
50304
37265
42395
33923
53893
44292
45124
41987
3323
52688
19454
17310
53121
51929
28066
7840
63778
64760
7336
25978
47851
49901
7040
3778
21276
22886
12562
24706
17988
38434
64533
55848
59843
31783
24467
63
4799
32314
64292
37773
14958
7795
60403
8246
28691
54715
40405
15747
1433
42012
5198
62239
14872
1345
35412
34494
31181
44854
21737
57461
49744
60802
38171
44808
18287
60859
42446
37748
13083
63781
64985
24211
46400
6613
37290
44270
43474
49311
28327
27415
24552
6438
24165
42950
10011
29992
21216
18386
2747
9488
56304
28506
40840
48372
23439
54037
55092
3143
39188
55546
37193
36995
22145
22524
50949
20103
448
33674
35218
19944
54060
56817
1444
42837
1536
49737
60277
64333
40848
48972
2902
21113
10661
13205
7394
30328
46416
7813
61753
43959
20149
3898
30276
42516
42998
13611
37844
20283
13948
63119
15335
36070
18307
62359
23872
20975
311
23399
51037
26703
36689
64732
5236
65089
32011
41567
37360
49520
44002
23374
49162
17152
41271
15160
22945
16987
28896
4553
13864
56819
1594
54087
58842
22245
30024
23616
1775
2125
28375
31015
32404
5505
19727
37785
15858
9758
11017
39905
43784
7024
2578
62350
23197
35887
4582
16039
23333
46087
48675
46164
54450
20530
32473
10680
14630
48732
50439
47390
15326
35395
33219
1093
16512
58808
19695
35385
32469
10380
57667
65194
39886
42359
31223
48004
61376
15684
62245
15322
35095
10719
17555
5959
53777
35592
47994
60626
24971
37863
21708
55286
17693
16309
43583
57486
51619
4816
33589
28843
578
43424
45561
9225
36579
56482
41856
59035
36720
1520
48537
35814
64644
64173
28848
953
6012
57752
6032
59252
52995
42479
40223
2097
26275
4589
16564
62708
50047
17990
38584
10246
47617
32351
1530
49287
26527
23489
57787
8657
59516
7258
20128
2323
43225
30636
3979
36351
39382
4559
14314
25032
42438
37148
33620
31168
43879
14149
12657
31831
28067
7915
3866
27876
59127
43620
60261
63133
16385
49283
26227
989
8712
63641
54485
23155
32737
30480
57816
10832
26030
51751
14716
55182
9893
21142
12836
45256
51887
24916
33738
40018
52259
52816
29054
16403
50633
61940
57984
23432
53512
15717
64720
4336
63126
15860
9908
22267
31674
16292
42308
27398
23277
41887
61360
14484
37782
15633
58420
56132
15606
56395
35331
28419
34315
17756
21034
4736
27589
37602
2133
28975
10478
65017
26611
29789
5991
56177
18981
47372
13976
65219
41761
51910
26641
32039
43667
63786
65360
52336
58591
3420
59963
40783
44097
30499
59241
52170
46141
52725
22229
28824
64690
2086
25450
8251
29066
17303
52596
12554
24106
38525
5821
43427
45786
26100
57001
15244
29245
30728
10879
29555
53978
50667
64490
52623
14579
44907
25712
27901
61002
53171
55679
47168
64213
31848
29342
38003
32208
56342
31356
57979
23057
25387
3526
2376
47200
1076
15237
28720
56890
6919
60240
61558
29334
37403
52745
23729
10250
47917
54851
50605
59840
31558
7592
45178
46037
44925
27062
63614
52460
2354
45550
8400
40241
3447
61988
61584
31284
52579
11279
59555
10183
42892
5661
31427
63304
29210
28103
10615
9755
10792
23030
23362
48262
15189
25120
49038
7852
64678
1186
23487
57637
62944
2210
34750
50381
43040
16761
11946
44043
26449
17639
12259
1981
17575
7459
35203
18819
35222
20244
11023
40355
11997
47868
51176
37128
32120
49742
60652
26921
53039
45779
25575
17626
11284
59930
38308
55083
2468
54100
59817
29833
9291
41529
34510
32381
3780
21426
34136
4331
62751
53272
63254
25460
9001
19779
41685
46210
57900
17132
39771
33734
39718
29759
3741
18501
11372
993
9012
20604
38023
33708
37768
14583
45207
48212
11439
6018
58202
39782
34559
36056
17257
49146
15952
16808
15471
46270
62400
26947
54989
60955
49646
53452
11217
54905
54655
35905
5932
51752
14791
60807
38546
7396
30478
57666
65119
34261
13706
44969
30362
48966
2452
52900
35354
30144
32616
21405
32561
17280
50871
14253
20457
26998
58814
20145
3598
7776
58978
32445
8580
53741
32892
42105
12173
61068
58121
33707
37693
8958
16554
61958
59334
59145
44970
30437
54591
31105
39154
52996
42554
45848
30750
12529
22231
28974
10403
59392
63495
43535
53886
43767
5749
38027
34008
60268
63658
55760
53243
61079
58946
30045
25191
54363
14005
1857
8275
30866
21229
19361
10335
54292
8680
61241
5559
23777
13850
55769
53918
46167
54675
37405
52895
34979
2019
20425
24598
9888
20767
50248
33065
55080
2243
37225
39395
5534
21902
4299
60351
4346
63876
6573
34290
15881
11483
9318
43554
55311
19568
25860
39001
41521
33910
52918
36704
320
24074
36125
22432
44049
26899
51389
53103
50579
57890
16382
49058
9352
46104
49950
10715
17255
48996
4702
25039
42963
10986
37580
483
36299
35482
39744
31709
18917
42572
47198
926
3987
36951
18845
37172
35420
35094
10644
11930
42843
1986
17950
35584
47394
15626
57895
16757
11646
21543
42911
7086
7228
17878
30184
35616
49794
64552
57273
35644
51894
25441
7576
43978
21574
45236
50387
43490
50511
52790
27104
1227
26562
26114
58051
28457
37165
34895
61256
6684
42615
50423
46190
56400
35706
56544
46506
14563
43707
1249
28212
18790
33047
53730
32067
45767
24675
15663
60670
28271
23215
37237
40295
7497
38053
35958
9907
22192
26049
53176
56054
9756
10867
28655
52015
34516
32831
37530
62270
17197
44646
6137
1590
53787
36342
38707
19471
18585
17672
14734
56532
45606
12600
27556
35127
13119
944
5337
7127
10303
51892
25291
61863
52209
49066
9952
25567
17026
31821
27317
17202
45021
34262
13781
50594
59015
35220
20094
65310
48586
39489
12584
26356
10664
13430
24269
50750
5178
60739
33446
18118
48184
9339
45129
42362
31448
64879
16261
39983
49634
52552
9254
38754
22996
20812
53623
24042
33725
39043
44671
8012
11141
49205
20377
20998
2036
21700
54686
38230
49233
22477
47424
17876
30034
24366
58025
26507
21989
10824
25430
6751
47640
34076
65368
52936
38054
36033
15532
50845
12303
5281
2927
22988
20212
8623
56966
12619
28981
10928
33230
1918
12850
46306
65100
32836
37905
24858
29388
41453
28810
63640
54410
17530
4084
44226
40174
63959
12798
42406
34748
50231
31790
24992
39438
8759
1629
56712
59106
42045
7673
51253
42903
6486
27765
50802
9078
25554
16051
24233
48050
64826
12286
4006
38376
60183
57283
36394
42607
49823
1190
23787
14600
46482
12763
39781
34484
30431
54141
62892
63847
4398
2239
36925
16895
21996
11349
64805
10711
16955
26496
21164
14486
37932
26883
50189
28640
50890
15678
61795
47109
59788
27658
42777
62573
39922
45059
37112
30920
25279
60963
50246
32915
43830
10474
64717
4111
46251
60975
51146
34878
59981
42133
14273
21957
8424
42041
7373
28753
59365
61470
22734
1162
21687
53711
30642
4429
4564
14689
53157
54629
33955
56293
27681
44502
60874
43571
56586
49656
54202
1930
13750
48269
15714
64495
52998
42704
57098
22519
50574
57515
53794
36867
12545
23431
53437
10092
36067
18082
45484
3450
62213
12922
51706
11341
64205
31248
49879
5390
11102
46280
63150
17660
13834
54569
29455
46478
12463
17281
50946
19878
49110
13252
10919
32555
16830
17121
38946
37396
52220
49891
6290
13065
62431
29272
32753
31680
16742
10521
2705
6338
16665
4746
28339
28315
26515
22589
55824
58043
27857
57702
2282
40150
62159
8872
10104
36967
20045
61635
35109
11769
30768
13879
57944
20432
25123
49263
24727
19563
25485
10876
29330
37103
30245
40191
65234
42886
5211
63214
22460
46149
53325
1692
61437
20259
12148
59193
48570
38289
53658
26667
33989
58843
22320
35649
52269
53566
19767
40785
44247
41749
51010
24678
15888
12008
48693
47514
24626
11988
47193
551
41399
24760
22038
14499
38907
34471
29456
46553
18088
45934
37200
37520
61520
26484
20264
12523
21781
60761
35096
10794
23180
34612
40031
53234
60404
8321
34316
17831
26659
33389
13843
55244
14543
42207
19823
44985
31562
7892
2141
29575
55478
32093
47717
39851
39734
30959
28204
18190
53584
21117
10961
35705
56469
40881
51447
57453
49144
15802
5558
23702
8225
27116
2127
28525
42265
24173
43550
55011
62605
42322
28448
36490
49807
65527
64861
14911
4270
58176
37832
19383
11985
46968
49213
20977
461
34649
42806
64748
6436
24015
31700
18242
57484
51469
59103
41820
56335
30831
18604
19097
56072
11106
46580
20113
1198
24387
59600
13558
33869
49843
2690
5213
63364
33710
37918
25833
36976
20720
46723
30838
19129
58472
60032
45958
39000
41446
28285
24265
50450
48215
11664
22893
13087
64081
21948
7749
56953
11644
21393
31661
15317
34720
48131
5364
9152
31104
39079
47371
13901
59594
13108
119
8999
19629
30435
54441
19855
47385
14951
7270
21028
4286
59376
62295
19072
54197
1555
51162
36078
18907
41822
56485
42081
10373
57142
25819
35926
7507
38803
26671
34289
15806
5858
46202
57300
37669
7158
12628
29656
61553
28959
9278
40554
26922
53114
51404
54228
3880
28926
6803
51540
64428
47973
59051
37920
25983
48226
12489
19231
585
43949
19399
13185
5894
48902
63189
20585
36598
57907
17657
13609
37694
9033
22179
25074
45588
11250
57380
43669
63936
11073
44105
31099
38704
19246
1710
62787
55972
3606
8376
38441
65058
29686
63803
1098
16887
21396
31886
32192
55142
6893
58290
46382
5263
1577
52812
28754
59440
1558
51387
52953
39329
584
43874
13774
50069
19640
31260
50779
7353
27253
12402
12706
35506
41544
35635
51219
40353
11847
36618
59407
64620
62373
24922
34188
8231
27566
35877
3832
25326
64488
52473
3329
53138
53204
58154
36182
26707
36989
21695
54311
10105
37042
25670
24751
21363
29411
43178
27111
1752
400
30074
27366
20877
58498
61982
61134
63071
11735
28218
19240
1260
29037
15128
20545
33598
29518
51203
39153
52921
36929
17195
44496
60424
9821
15742
1058
13887
58544
65432
57736
4832
34789
53306
267
20099
148
11174
51680
9391
49029
7177
14053
5457
16127
29933
16791
14196
16182
34058
64018
17223
46596
21313
25661
24076
36275
33682
35818
64944
21136
12386
11506
11043
41855
58960
31095
38404
62283
18172
52234
50941
19503
20985
1061
14112
9882
20317
16498
57758
6482
27465
28302
25540
15001
11020
40130
60659
27446
26877
49739
60427
10046
32617
21480
38186
45933
37125
31895
32867
40230
2622
113
8549
51416
55128
5843
45077
38462
1096
16737
10146
40117
59684
19858
47610
31826
27692
45327
57212
31069
36454
47107
59638
16408
51008
24528
4638
20239
10648
12230
65343
51061
28503
40615
31497
3017
29738
2166
31450
65029
27511
31752
22142
22299
34074
65218
41686
46285
63525
45785
26025
51376
52128
42991
13086
64006
16323
44633
5162
59539
8983
18429
5972
54752
43180
27261
13002
57706
2582
62650
45697
19425
15135
21070
7436
33478
20518
31573
8717
64016
17073
35346
29544
53153
54329
11455
7218
17128
39471
11234
56180
19206
64247
34398
23981
29150
23603
800
60074
49108
13102
65206
40786
44322
47374
14126
10932
33530
24418
61925
56859
4594
16939
25296
62238
14797
61257
6759
48240
13539
32444
8505
48116
4239
55851
60068
48658
44889
24362
57725
4007
38451
271
20399
22648
60249
62233
14422
33132
60105
51433
56403
35931
7882
1391
38862
31096
38479
2371
46825
38488
3046
31913
34217
10406
59617
14833
63957
12648
31156
42979
12186
62043
172
12974
55606
41693
46810
37363
49745
60877
43796
7924
4541
12964
54856
50980
22428
43749
4399
2314
42550
45548
8250
28991
11678
23943
26300
6464
26115
58126
34082
281
21149
13361
19094
55847
59768
26158
61351
13809
52694
19904
51060
28428
34990
2844
16763
12096
55293
18218
55684
47543
26801
44039
26149
60676
28721
56965
12544
23356
47812
46976
49813
440
33074
55755
52868
32954
46755
33238
2518
57850
13382
20669
42898
6111
65177
38611
12271
2881
19538
23610
1325
33912
53068
47954
57626
62119
5872
47252
4976
45589
11325
63005
6785
50190
28715
56515
44331
48049
64751
6661
40890
52122
42541
44873
23162
33262
4318
61776
45684
18450
7547
41803
55060
743
55799
56168
18306
62284
18247
57859
14057
5757
38627
13471
27344
19227
285
21449
35861
2632
863
64799
10261
48742
51189
38103
39708
29009
13028
59656
17758
21184
15986
19358
10110
37417
53795
36942
18170
52084
39691
27734
48477
31314
54829
48955
1627
56562
47856
50276
35165
15969
18083
45559
9075
25329
64713
3811
23751
11900
40593
29847
10341
54742
42430
36548
54157
64092
22773
4087
44451
57049
18844
37097
29795
6441
24390
59825
30433
54291
8605
55616
42443
37523
61745
43359
40686
36822
9170
32454
9255
38829
28621
49465
39877
41684
46135
52275
54016
53517
16092
27308
16527
59933
38533
6421
22890
12862
47206
1526
48987
4027
39951
47234
3626
9876
19867
48285
16914
23421
52687
19379
11685
24468
138
10424
60967
50546
55415
27368
21027
4211
53751
33642
32818
36555
54682
37930
26733
38939
36871
12845
45931
36975
20645
41098
2185
32875
40830
47622
32726
29655
61478
23334
46162
54300
9280
40704
38172
44883
23912
23975
28700
55390
25493
11476
8793
4179
51351
50253
33440
17668
14434
34032
62068
2047
22525
51024
25728
29101
19928
52860
32354
1755
625
46949
47788
45176
45887
33675
35293
25569
17176
43071
19086
55247
14768
59082
40245
3747
18951
45122
41837
57610
60919
46946
47563
28301
25465
9376
47904
53876
43017
15036
13645
40394
14922
5095
54514
25330
64788
9436
52404
63691
58235
42257
23573
64087
22398
41499
32260
60242
61708
40584
29172
25253
59013
35070
8844
8004
10541
4205
53301
65429
57511
53494
14367
29007
12878
48406
25989
48676
46239
60075
49183
18727
28322
27040
61964
59784
27358
20277
13498
29369
40028
53009
43529
53436
10017
30442
54966
59230
51345
49803
65227
42361
31373
59254
53145
53729
31992
40142
61559
29409
43028
15861
9983
27892
60327
2546
59950
39808
36509
51232
41328
19435
15885
11783
31818
27092
327
24599
9963
26392
13364
19319
7185
14653
50457
48740
51039
26853
47939
56501
43281
34836
56831
2494
56050
9456
53904
45117
41462
29485
48728
50139
24890
31788
24842
28188
16990
29121
21428
34286
15581
54520
25780
33001
50280
35465
38469
1621
56112
14106
9432
52104
41191
9160
31704
18542
14447
35007
4119
46851
40438
18222
55984
4506
10339
54592
31180
44779
16112
28808
63490
43160
25761
31576
8942
15354
37495
59645
16933
24846
28488
39490
12659
31981
39317
65221
41911
63160
18410
4547
13414
23069
26287
5489
18527
13322
16169
33083
56430
37956
28683
54115
60942
48671
45864
31950
36992
21920
5649
30527
61341
13059
61981
61059
57446
48619
41964
1598
54387
15805
5783
40577
28647
51415
55053
218
16424
52208
48991
4327
62451
30772
14179
14907
3970
35676
54294
8830
6954
62865
61822
49134
15052
14845
64857
14611
47307
9101
27279
14352
27882
59577
11833
35568
