14800
61482
23634
3125
37838
19833
45735
22275
32274
61292
9384
48504
33339
10093
36142
23707
8600
55241
14318
25332
64938
20686
44173
36199
27982
1540
50037
17240
47871
51401
54003
52542
8504
48041
64151
27198
8277
31016
32479
11130
48380
24039
33500
22168
24249
49250
23752
11975
46218
58500
62132
6847
54840
49780
63502
44060
27724
47727
40601
30447
55341
21818
63536
46610
22363
38874
31996
40442
18522
12947
53581
20892
59623
15283
32170
53492
14217
17757
21109
10361
56242
23856
19775
41385
23710
8825
6579
34740
49631
52327
57916
18332
64234
33423
16393
49883
5690
33602
29818
8166
22691
63474
41960
1298
31887
32267
60767
35546
44544
64024
17673
14809
62157
8722
64391
45198
47537
26351
10289
50842
12078
53943
48042
64226
32823
36930
17270
50121
23540
61612
33384
13468
27119
2352
45400
62687
48472
30939
26704
36764
4820
33889
51343
49653
53977
50592
58865
23970
28325
27265
13302
14669
51657
7666
50728
3528
2526
58450
58382
53282
64004
16173
33383
13393
21494
39236
59146
45045
36062
17707
17359
56796
65406
55786
55193
10718
17480
334
25124
49338
30352
48216
11739
28518
41740
50335
39590
20159
4648
20989
1361
36612
58957
30870
21529
41861
59410
64845
13711
45344
58487
61157
64796
10036
31867
30767
13804
52319
57316
38869
31621
12317
6331
16140
30908
24379
59000
34095
1256
28737
58165
37007
23045
24487
1563
51762
15541
51520
62928
1010
10287
50692
828
62174
9997
28942
8003
10466
64117
24648
13638
39869
41084
1135
19662
32910
43455
47886
52526
7304
23578
64462
50523
53690
29067
17378
14800
61482
23634
3125
37838
19833
45735
22275
32274
61292
9384
48504
33339
10093
36142
23707
8600
55241
14318
25332
64938
20686
44173
36199
27982
1540
50037
17240
47871
51401
54003
52542
8504
48041
64151
27198
8277
31016
32479
11130
48380
24039
33500
22168
24249
49250
23752
11975
46218
58500
62132
6847
54840
49780
63502
44060
27724
47727
40601
30447
55341
21818
63536
46610
22363
38874
31996
40442
18522
12947
53581
20892
59623
15283
32170
53492
14217
17757
21109
10361
56242
23856
19775
41385
23710
8825
6579
34740
49631
52327
57916
18332
64234
33423
16393
49883
5690
33602
29818
8166
22691
63474
41960
1298
31887
32267
60767
35546
44544
64024
17673
14809
62157
8722
64391
45198
47537
26351
10289
50842
12078
53943
48042
64226
32823
36930
17270
50121
23540
61612
33384
13468
27119
2352
45400
62687
48472
30939
26704
36764
4820
33889
51343
49653
53977
50592
58865
23970
28325
27265
13302
14669
51657
7666
50728
3528
2526
58450
58382
53282
64004
16173
33383
13393
21494
39236
59146
45045
36062
17707
17359
56796
65406
55786
55193
10718
17480
334
25124
49338
30352
48216
11739
28518
41740
50335
39590
20159
4648
20989
1361
36612
58957
30870
21529
41861
59410
64845
13711
45344
58487
61157
64796
10036
31867
30767
13804
52319
57316
38869
31621
12317
6331
16140
30908
24379
59000
34095
1256
28737
58165
37007
23045
24487
1563
51762
15541
51520
62928
1010
10287
50692
828
62174
9997
28942
8003
10466
64117
24648
13638
39869
41084
1135
19662
32910
43455
47886
52526
7304
23578
64462
50523
53690
29067
17378
