5581198
10020889
784603
3036796
10725940
4428148
19303243
4519984
10938178
16264018
11407360
4480906
11940604
16679368
5912887
1026268
4219240
10797373
15740509
8943898
5965105
13163842
17464375
9351580
12842845
17110783
16483414
10361017
228982
8541760
4631365
2077900
13760164
12579985
14773552
3917122
9282568
3951484
3564142
17026402
12263266
18697960
443374
2491417
6432691
19824943
5174446
4073149
4987864
17893279
17411107
16204219
11728999
5476498
5521954
10897528
15694444
2959324
13414792
7891606
15804394
12708259
2766061
513709
12705778
285061
4500121
11115391
13115101
8803801
6149596
17292925
18263497
6865060
11309257
6578971
5783239
11659759
16397350
4457869
8943817
5884105
12324694
20005321
5190529
115936
15737038
5472898
1921954
18135868
19517551
18425854
8900356
2503531
18546691
9496078
17059354
5134840
4547575
18488965
11890717
6872794
19043257
5056753
6621427
8158813
2448412
3508117
1081828
19698814
19326937
8173771
17406412
11509219
6138841
6537925
4817665
8015983
19940116
106168
5969038
17096842
2542414
17349265
14482858
13826317
18612346
15030439
281353
792121
10554796
13646065
18722263
4706161
16753261
19685248
5760937
9397972
19154419
16017688
5559916
8779102
1490809
7835341
19660033
586150
4985926
15955279
3271555
5002384
12373066
8256682
116347
16148038
15668638
17233750
19209136
10614049
12778426
12812422
6727996
14526748
17635891
505663
4659778
10450687
9738130
18628798
11442226
19306693
7969984
14021542
13435216
8275393
18827347
9589096
9876289
16506307
13213804
7305736
11100571
18335314
18561421
4185865
17502799
7695154
19754524
14916298
6381631
8845369
7637170
1850950
7252507
17992210
16141042
8672638
15268087
17487010
11946367
2402155
17371756
16933645
19707331
7803724
8083246
7042264
8151340
15015625
5507566
16549741
16567378
14164165
15776725
5079472
9300214
1557271
14176702
8273512
16946347
12369118
4308682
38308
18269890
13258060
11481310
18310267
13554634
7452115
17198080
3579349
12193189
8741599
4068235
73864
13745464
17920198
4249681
1157947
15656962
5557750
6613102
19874026
14177020
8591512
14302939
14269234
604447
3242713
16240810
8239573
3047560
1449727
6833767
56470
16391677
18825082
7324096
9420358
1459993
17099767
5467414
16478167
5114017
3764788
17270272
15650710
19345963
7159558
5204062
13648936
1553050
9955702
15758455
6849685
15974470
2422342
17518543
3398941
12147106
2739025
13558135
10953115
11160805
18448675
11681143
17741137
5550598
19501315
2189854
5472886
1909954
6135868
3564925
17809402
13694959
7495624
586441
5276926
6352084
19378795
19951345
11335168
12449758
4787830
18261409
4777060
7491409
16411654
18761869
4231735
3252160
5647597
16299250
6558934
5786452
14872759
2923057
17228218
13677136
9712837
13376011
9191032
12616549
11257126
14568610
19417465
18540919
3724078
16640698
7323313
8637358
28300
8261890
5324347
13692658
5194624
4210936
2493373
8388691
11884069
224794
4353760
5035882
5790640
19060759
2518540
13515478
8376541
19774282
14634085
4731613
2124835
574525
13401139
14278819
10189447
9020899
2805253
19665496
6049150
17047990
13811053
3348346
1632532
9276850
18273697
17065060
10840840
19127083
8721901
4410448
1603243
28063
8024890
8806903
9251596
13059910
13733440
5896198
4377481
8716669
19218661
98836
18677251
19814800
15071659
1420927
18114193
17882764
6896107
2275831
11289034
6396184
3358156
11442532
19612693
13366789
20009245
9114529
16274401
1750147
6650572
17263600
8978710
696679
15313861
3140371
14099875
11607364
4082776
14614864
5550826
19729315
9747511
7969585
13622542
15239476
8916223
18370531
13697995
10531624
10514278
13208491
1992736
8757016
19485235
6150067
17763925
8298385
1738921
15464785
13782880
15255772
5172010
1637149
13893850
5984494
12512629
7538191
3073015
6864514
10763257
1664722
1386424
3651406
4089337
1135651
13401175
14314819
6109021
16798351
4654609
5281687
11113084
10808101
6428296
15429943
19021306
3145966
19694875
15387937
17095732
1432414
9560980
1800502
16925146
11208331
5854036
2295907
11324821
2102758
18577951
675652
14327074
18364021
7187995
13600849
13586689
19466902
7857280
1518607
15593128
1844389
691507
10141861
1515325
12311128
6439321
6414730
1863943
205294
4893973
4163131
14809012
19336909
18145771
9380338
1520419
17405128
10225219
4712473
3025048
19018153
20033179
13008316
2219866
15444673
13711093
3589411
2214976
10554673
13523065
15963541
11533555
10434628
13719343
11839411
15687433
15988537
16489342
16289017
16366147
13335295
8555458
18329365
12612421
7129126
14852488
2692270
6883561
9770044
10462372
1382917
144406
4126612
18370438
13604995
17732689
17142811
8430988
14100643
12375364
10554682
13532065
4923328
13477918
10896967
15133444
3085288
19137514
19152901
14499688
10616104
14833426
3670483
3126124
19893088
13198807
12348949
4179895
11532799
9678628
19247437
8834623
16931383
17445331
10347793
7045195
11082340
104314
4115038
6796438
2807896
2268283
3741034
13556485
9303115
4458271
9345817
7079845
5651914
576037
14913139
3222631
16199023
6532999
19931878
11908381
4496581
7575391
192589
12229186
4658173
8845687
7955170
19247755
9152623
14287975
19345447
6643558
10249600
9053260
15126040
15721501
9976111
16127242
14912851
2934631
8762005
4434022
5137030
6737575
4065535
17414077
19174219
15777475
5829472
17812333
16625959
12624526
19234126
15563836
12632815
7482913
7915654
19812181
12452659
7688830
13430524
3583393
16237189
4618573
9326113
7416058
1181293
18962749
4709605
157048
16768612
14996035
5957779
5837842
6142120
9816925
17262946
8324710
8023708
7624903
9624163
4862863
13133557
7219588
5113423
3170788
4436449
7564030
8871802
14029957
1810003
6385933
13147369
991375
9406666
7808206
12565246
34552
14513890
4777891
8322409
5722708
11249398
6840610
6899470
5638831
7533250
18172228
15797125
5439259
8363380
6613282
13813
13815103
7398346
3509506
2470828
5883904
12123694
19407451
8526919
9830578
10875733
13939657
11711068
7585711
10512589
11519491
16410841
17948869
12880468
14653357
3963400
15480142
9099667
1412401
9588193
8973289
15315892
5171371
998149
16180666
8216212
19766986
7338085
3369145
2391319
6535756
2648665
3358987
12273532
8923747
5854318
2577907
12761839
16265635
13024360
18263866
7234060
19585423
6137002
4698925
9517261
18202141
5629699
18441463
4469143
177604
17284399
9737497
17995798
19729042
9474511
15532567
1404028
1215193
12782323
16709422
15926674
14746981
17426548
11605006
1724776
1319785
17173258
18837775
20017096
16965529
11510905
7824841
9160033
1657762
14466637
17645530
10144663
4317325
8681308
3897874
10074781
14596177
6904039
10207831
7364686
9929932
10028668
8563603
6434152
1245730
3238897
12424810
19920256
286381
5820121
8461333
4365217
16492882
19829017
9248446
9909910
10046881
6736390
2880535
14786644
17009122
15023479
13361566
14786245
16610122
16827739
14002396
14329429
678808
17483074
8010367
14324116
15406021
15139519
9160288
1912762
8943868
5935105
3204055
17663236
7810450
14809246
19570909
11663215
19853350
13541233
14091328
3060364
14253727
5137660
7367575
12818932
13237996
11457523
14563480
14287465
18835447
17689096
13630237
2894263
8474431
17463217
8193580
17175199
738562
17116435
2095201
11020951
18876166
18327670
10917421
15547231
16068028
15819490
7764046
8485672
8664004
6634087
778600
17074009
19789840
10151872
11526325
3204628
18236236
19684486
4998937
8926066
8173318
16953412
19434118
15153706
3307075
441958
1075417
13287814
1154884
12593962
8710339
12888661
2806144
516283
15279778
9137797
19502188
3062854
16743727
10151248
10902325
451231
10348417
7669195
13835737
7992133
16130329
17999851
3741829
14351485
2694595
9208561
10105336
5070751
579214
18090139
13868977
1151707
9416962
18104206
7895764
19962394
2343955
19292395
13712197
4693411
4003261
15260716
10116010
15744751
13185898
19480162
1077067
14937814
7857418
1656607
13311637
4937671
7780705
5104459
14247001
18451873
14879143
9307057
8400271
3423856
17021893
7754266
18745885
8287948
11342134
19415758
16833919
142183
1903612
19834081
14312446
3736021
8543485
6356365
3619582
12345763
993895
11926666
2741368
15901135
9248194
9657910
18569650
12414865
9975256
15272242
1601797
18622276
4920226
10375918
15129982
19663501
4054150
6029077
17015203
1064266
2136814
12553525
8353765
17038495
4316053
7409308
14471506
2474317
9372904
14126632
18324151
7398421
3584506
17350189
15406858
15976519
4471342
2376604
11860969
17205220
10719349
17877361
1493107
10133341
13035538
9401653
2795206
9618496
19236076
17513836
18732154
14597161
7888039
12237394
12866173
358357
17675482
16237
16239103
6532573
19505878
6752854
19344535
5731558
59185
19106677
8356114
19387495
8611132
13882726
14900707
10830844
9131083
12788188
2534209
9144265
5929975
18114268
17957764
1735255
11798785
15141859
11500288
17248054
13472923
5901967
10146481
6135325
3021925
15895153
3266194
19681597
2109937
5716738
5279398
8824084
6392383
19597369
18083002
6731977
18507748
10633504
12193213
8765599
8028022
11938903
14978368
8330992
14305708
17038234
4055053
6932077
18205618
9106699
8444401
7473430
18472867
15832930
1163833
1502749
19775341
15693085
1600324
17149276
14895988
6111844
19621351
1984576
597016
15851926
119620
19421038
2073706
9566164
6984502
10509979
8909491
11638531
15209563
19083649
5368327
17592232
16967302
13283905
17286097
11435497
12577693
12481552
16541617
8443378
6450430
17523730
8585941
8731939
14448448
19496743
17658067
2641450
16184200
11750212
6649285
15976600
4552342
3215752
9320023
1326058
3406045
19251106
12503623
18572404
15168865
18466075
9040930
2796040
10452496
11547130
3969415
1454929
12035767
11641303
17981563
5494042
3025741
19711153
11625724
2402563
17779756
4089172
970651
8722879
5388448
17673019
17593450
18185302
8830912
13220383
13884736
16910707
16809544
15847609
15842833
11066833
4637527
8239900
3374560
7806319
10678246
16854787
969970
8041879
5755690
4150972
2650012
4705987
16579261
6006952
14930416
459418
18535417
18262291
5659060
7722037
6557098
3950452
2532142
7077265
3071914
5763514
11974972
10966942
4947592
17701705
6199024
6600286
7058026
3873127
5367994
17259232
4610710
1463113
179554
19234399
15836836
5069833
19701427
1899724
15946081
14113768
5460151
9215167
16711336
17840674
4886533
16763344
9728035
8533798
16709578
16082674
10425277
4368343
19618882
19555789
16583428
10173952
13566112
18930115
12156031
11664025
623137
1892500
8722081
4590448
1241326
18875110
17271670
17048710
14531053
1900678
16900081
6183544
11160499
18142675
6284338
11753434
9871285
11502307
19267054
8411410
14562856
13663465
16082050
9801277
1614946
11731063
7540498
5380015
9240019
1482910
19976554
16503955
10861804
10657
10659103
17752000
16413598
665656
4331074
2390095
5311756
1101658
19488601
9516067
17008141
14042479
14332003
3252808
6295597
2972221
6271579
19034647
16486966
13913017
5111281
1028788
6739240
5730535
19076398
18157540
1109125
6915388
1516618
13604128
16865689
11871970
8166007
9642412
3071650
5499514
8497741
692791
11425861
2941693
15824005
12279046
14437747
8795743
18131809
15458551
7548880
13762015
14430985
2033743
9683590
4169224
861799
71944
11825464
1740433
16976785
2726692
1225135
2684110
18763774
6136735
4431925
3040030
13959940
11953855
9890155
10332094
11386408
3569119
1963189
19290442
11759197
15634285
2920963
15134218
3859288
11569207
6006202
14180416
11987512
3466729
19814467
14738659
9104548
6293401
776221
14695009
5534974
3877315
9555994
16854715
897970
16202731
10240999
452260
11377417
14618332
9018826
732253
10807435
5762296
10756972
15419935
9013306
15252466
1866010
2272294
7752034
16513885
751591
10105222
4956751
6820492
6821683
8012683
16640116
6741313
7803535
7894246
18444394
7400143
5306506
15891871
20024407
4236316
7833160
17479033
3969367
1406929
4116193
7951438
15515755
4632241
2953900
7990792
14789329
19694122
14634937
5583613
12435889
10959043
17088805
14545627
16474678
1625017
1761850
18353572
16779208
5551822
685102
3736861
9383485
4667419
18091687
15416977
6055306
3163777
17465662
10638580
17269213
14591710
2437039
12175330
10922812
898018
16250731
18160573
4142125
13843225
15480133
9090667
12452614
7643830
8510950
13901791
13925494
17588281
13016302
10205866
5399686
8870806
13033957
7820653
4972033
2062279
18179377
2905912
83218
3059251
13140727
14389588
717169
15763648
12042685
18559303
2067865
3725164
17726698
11151811
9454675
15736780
5214898
4444723
15838030
6263833
11288647
6009184
17162416
7995775
19772329
12681085
15672487
1042537
448027
7144417
10103275
3009751
3721153
13715698
8194411
18006199
10089829
9603964
4704076
14668261
18867400
9561670
2490502
5517691
6634528
1219600
17189323
14862562
12766270
656422
15137287
6928288
14416618
7706956
11516311
13230841
4302523
13919521
11615281
11999776
15730729
19204111
5589049
17871889
16061320
9111490
13235401
8862523
4750957
1428622
5768980
17440972
5988793
16811629
17932609
16660681
7266100
11544997
1836415
12757720
12146635
2268025
3483034
16079254
7005277
11244766
2208610
4188673
270586
10065334
5149177
18884575
6696457
3027961
1890940
7162081
7727062
11582098
18897202
19323457
4693771
4363261
14536882
7729678
14198098
9629299
9998863
18839029
1230883
8432110
15222643
12123436
19149451
11049688
7532740
17662228
6802450
8819896
2204383
20001886
1755529
12032572
8446303
9375430
16652632
19257313
18710623
13106374
76801
16682464
9008887
10833466
11753083
9520285
1185928
3557536
10420402
19533556
14390641
1770169
6632359
19090813
12532327
7195978
1543636
541702
618352
17147713
13332988
6248458
15953860
1852555
8857507
19775170
15522085
10962241
246592
6111547
19324351
5587771
16593889
594739
13574926
7703902
8462311
5343217
12522445
17354191
19408858
9933919
14015668
7561216
6057802
5659777
8439037
2109430
5209738
19324936
6172771
387499
6737056
3546535
19459615
570280
9156139
17803975
8267959
11393347
10508119
7049491
15378340
7498732
3694441
7043911
9798340
18718159
602161
956713
14825092
15376696
5854732
2991907
5917366
5505268
14251741
3151660
5348662
17967445
11416255
13375906
9086032
7817614
1933033
9174655
16279762
7111147
16913701
19803544
3815659
8020633
4549903
776752
15226009
15489436
18393667
16793782
85609
5450251
19355380
16576558
3303952
17359171
4348645
19961095
1044955
2866027
278644
18123334
6983551
9558979
19839715
19946446
6436168
3261730
15217597
7077436
3242914
16441810
8837443
19751383
11775298
11695072
11629924
6602563
9335026
16329058
16326721
13989721
1654429
11133637
11320888
18209971
13459699
12718180
12687061
1608274
5059063
8931427
13534318
7176328
1933849
9990655
10631029
9718213
18752011
14413948
5036956
6864640
10889257
7423444
8567293
10124152
3846538
18859420
1581670
18535489
18334291
17538421
3236728
10255810
15263260
12660010
14637700
8346613
9886495
6672094
18745387
7789948
14347459
18708808
11291374
8736184
18693448
15971587
19579555
269002
8481334
4326004
17360308
5485645
14668954
19560400
1154215
11924962
1037368
15319240
8519371
2282578
18036034
19884616
4726807
17359048
4225645
17202373
7872349
16587607
14352952
4161595
13273012
6393097
271156
10635334
14023213
15106216
15937714
5746768
15269185
18585010
7734652
19172098
13656475
9092050
13835614
7869133
13371607
4787032
17463409
8385580
8773069
15498022
6939454
5542405
11308315
5636971
5673250
1871824
8086294
10090264
10038964
18859603
1764670
1133359
11109175
6899101
5269831
19297297
18614197
16881439
7581757
6558589
5441452
10556380
15230065
19545436
6230428
17964073
8044255
8131690
15405838
14956519
6522205
9137878
19583188
3902002
14202781
14312299
3589021
1824976
1318720
16108258
15969064
17056555
2335840
11177395
14998462
8384779
7972069
16106542
14253064
4474660
5694604
3185611
19259449
806410
4803583
13974196
6169642
17298712
4010284
2243503
19041460
3259753
13240597
14058523
10335790
15082408
12169927
5519812
8755528
17997235
1125829
3579175
12019189
15103516
13237714
11175523
13126462
124588
4348825
100882
683038
1672861
9525424
6324928
12263008
18439960
2966143
193579
13219186
12687736
2283274
18732034
14477161
8129317
13032838
6701653
8223961
7475773
775654
14128009
19701151
1623724
468850
7927204
11321968
19289971
11288197
5559184
8047102
10978690
16695592
2096674
12493951
8900404
2551531
6426052
13185943
19525162
5996641
4619416
10169113
8727112
9621448
2147863
3562312
15196402
5922649
10788268
6635509
2200600
16218886
6355786
3040582
14511940
2827891
2223070
18648673
11277013
14415397
6485956
12969304
3288292
1699171
15795211
3525259
18223828
7276486
1890784
7006081
12048766
4600090
10883326
1492444
9470341
11362567
19808545
8816659
19007596
9476179
17200567
6066349
14206777
18308299
11586634
3392989
6195106
2682286
16939774
5796118
4498546
9540391
1251715
9223897
5401123
10307806
7138621
4307275
18671521
14084800
16572577
19363165
4321345
12701308
15855274
3467620
665254
3929074
1194355
11984536
490729
9765991
6409372
16546156
12982378
16362292
9480295
1276354
13822684
14979346
9308992
10335271
14563408
14215465
6956086
2134192
9931525
11621668
18386776
9902782
2918881
13052218
6041440
9337990
19293058
14375197
6366382
13636582
9239263
726910
5464435
13499167
12105754
1467451
4517554
8508178
11129791
7474888
19930867
10897381
15547444
16281028
8377147
340069
19427695
8730706
13215448
8949736
11803105
19461859
2814280
8652283
14953300
3303205
16612171
18876739
18900670
2751244
5736922
5423185
12329593
4864108
14378557
9726382
6880798
7007044
13011766
5669866
18528037
10882291
457444
16561417
8203165
6719986
6516748
3680878
13521124
14022541
14434216
5264743
14209297
788086
6519796
6728878
15408748
17866519
10691320
9888574
8751094
13563235
16053115
906490
4682518
13150474
4096375
8173651
17286412
11750497
6934285
373405
12683269
17856487
659320
18035287
19137616
19254901
16298623
5931934
33055
13016890
10793866
12233509
8981173
3159679
13367662
842032
345157
4475482
6516604
3536878
9802615
2952946
7036792
2679340
13993774
5707429
16010611
18523129
5974291
2309629
5006608
16597066
3771739
4181059
12696799
11346274
3515545
8509828
12779791
14177422
8993512
15498679
7596454
1215376
12965323
19347505
8701558
4107661
19459651
606280
5075713
5541214
10117315
17049751
15572053
809602
7995583
19580329
1043002
913027
11219518
17041036
6857053
3302257
15664171
12766750
1136422
14172175
3746512
19034485
16324966
12234721
10193173
12746899
1325635
2983045
17095579
1279414
16882684
8826757
9065383
7208827
14392636
3765169
17651272
15886663
14816407
6691696
18307174
10461634
644917
3632287
5010550
498853
17889991
14123107
14799151
9475909
16930567
16629331
15996526
4438129
9244030
5493910
2893741
7952431
16508755
15661804
10399750
18921769
3810031
2392633
7849756
14034820
6673003
19654387
14980363
10325992
5284408
13834084
6339133
6427795
14928943
19026631
8470966
13998217
10150429
10083325
3099964
13773301
5676772
5393824
3008806
2776153
10605709
4438426
9541030
1890715
6937081
3169405
3053449
7338727
4011145
3104503
18312301
15588634
17390602
15739432
7866898
11136607
14290888
2218234
13812673
4968346
18415492
18578569
1293652
11080471
18275527
18895060
17181457
6996562
2529766
4701265
11857261
13497220
10158754
18408325
11411569
8689906
12495874
10823404
1691083
7707211
11771311
7708072
12632311
6978913
4920979
11128918
6601888
8660026
2656087
10780987
19394722
15838132
6365833
13087582
1325014
2362045
17342182
7399858
5021506
11454853
11893480
9635794
16493863
769804
8278009
1403134
321193
551695
10611352
10081426
1200964
18593536
16260652
8041360
5236690
6196510
4086286
18124864
8513551
16502791
9697804
18383224
6350782
18076795
524977
3933565
5685355
13976824
8797642
20030809
10638316
17005213
11114479
12203101
18653599
16203013
10522999
1889278
5500081
9064741
6566827
13679452
12028837
4711303
1855048
11350507
7748545
13024885
18788866
11188522
6085249
13066564
347227
6545482
12374665
9855682
15939520
7552768
17650015
14629663
309613
9011908
13854466
6680920
7531174
16096228
3939064
11184355
1918249
14430868
1916743
12924868
18972931
14891605
1728844
5387785
17010019
15920479
8551981
14852365
2569270
4124839
16597438
4143739
15457225
6222880
10416073
15204556
14076649
8421577
4689643
235261
14820760
11044696
2540740
15675265
3820537
12898633
12778144
12530422
5290978
363871
3149269
2957662
11752792
9229285
10789123
7490509
15511654
531241
10197565
17138899
4518988
9942178
2234455
9993460
13436029
9088393
10178614
18228112
11560486
17325415
10673071
11679787
16385137
12285082
433534
12691630
6177274
4890499
689131
7765861
10300672
4621
4623103
13856113
8327920
11233708
11190823
8386249
9442069
3130780
4508875
19869391
9542020
2880715
14966644
16647205
13830313
2568133
2987839
1849366
5668507
17169037
14616775
7461826
6868867
15116257
5938501
6600055
6827026
13355683
8903245
5392531
1715806
12389998
5148469
18176575
103912
3713038
5600698
9480676
1657354
14058637
10449790
8841130
3398170
11376106
13307332
632671
11426500
3580693
13537189
10047328
7183390
8995849
17835679
19931746
11776381
12778072
12458422
13451830
4849180
19490770
11685067
1624924
1668850
5514424
3367528
774319
12793009
7355209
452932
12049417
5251090
556297
15213352
2832436
6768070
14520322
11209891
7414036
19199506
984049
2080666
16526164
13030591
4454653
5727817
16358398
5586295
15117889
7570501
15342802
12041158
17032303
18164266
7835125
19444033
5028493
18441853
4859143
9413557
14699206
9731974
12472798
7787617
12016459
12373516
8706682
9231661
13165123
18745375
7777948
2347459
2756182
10674922
13530787
3645328
18051550
15360403
9601945
2685076
19729774
10206511
6044686
12583990
18778552
874522
12794944
9290209
11592484
9242989
4452910
3984817
16856929
3111970
5739088
7589185
13986589
18562642
5406865
16049806
17637703
2317663
13040608
14471653
2621317
16091413
19164277
5835475
3775120
7562059
6900802
6970831
16879192
5334757
4062445
14324077
15367021
16219945
7414786
19949506
9496168
17149354
14973988
3950992
3072142
5991514
19532629
13463641
16660180
6765100
11550322
7161415
7061062
6909127
15295831
5150584
251362
10881547
19753657
14049298
1110790
8580388
3178939
12587449
2197339
12957886
11910505
6620581
7312813
18177571
1099912
17742601
7014598
525553
4509565
519178
18174778
18347125
10332208
11500408
17368054
13231645
5106523
16311001
18309934
13221634
15135736
5377288
6513019
19992091
12000742
16696729
3233674
7201810
7375636
839719
18072370
16140190
7820638
4957033
7102492
8258701
2135347
11086525
4289314
710521
9115648
17393401
18538432
1237078
14627110
17796826
1118959
16749388
15812248
522046
1002565
556453
15369352
18550945
13750078
2493985
9000691
2637466
12200200
15752599
993685
11716666
13183711
17293162
18500497
3382504
15750319
18753898
16300948
8256934
368347
7625269
9990163
10139029
18723538
5981161
9179629
1213549
11138323
16006888
14800129
10453909
12960130
14154505
6116725
4462138
13212817
6318736
6071008
18865777
7938670
2747755
2247922
3420247
13412893
5992606
584416
3251926
5413597
2741593
16126135
13805851
18186559
10087912
7686964
11564524
1323202
550045
8961352
3378892
12138319
13992238
4171429
3066799
648514
7229287
14812423
2707696
2269348
4806034
16425196
12263656
19087960
9679327
19946437
6427168
14301943
13273234
6615097
1828813
5155720
5387362
16587019
13764952
17367985
13162645
16267375
14764360
14765335
15740335
8769898
12327022
2293108
8525821
8732578
15087448
17209927
15426349
15427306
16384306
11454082
11122480
163888
3568399
1243189
697897
16531861
18727591
10034161
14056603
8415790
18942856
4856818
7088557
14363914
15123595
13276501
9882097
2274094
9552034
12894715
8860144
2371957
7213969
19534636
15470641
19638880
19513576
14450854
1862530
18832507
14749096
19541548
2342428
17765395
9768385
8803372
5720596
9137398
19103188
4867114
17384557
9694432
15011224
1106566
4356388
7663882
8522737
5648578
17280250
5588497
17319889
5147071
16778575
4918822
8971918
13944892
16946068
12090118
5871664
19923907
3937381
9501355
2296141
11558821
15660415
9010750
12696466
11013274
11199166
16729249
15713461
1936111
12252655
8086960
10756264
14711935
2420761
15937543
5575768
4590889
1682326
18990424
12344392
19663108
3661150
13833337
5592133
915676
13868518
692707
11341861
19142758
4356688
7963882
7919542
3659968
12651337
5964700
12758842
13268635
2016097
12077803
13596877
9614689
15429076
18154306
17915338
19429894
10929706
7792018
16417459
4526656
17610178
14873089
3253057
6544597
11489665
6625054
11785813
2169859
5518099
7042528
8415340
18492856
15781717
10071472
11287177
4539184
10097965
17739964
4377598
8833669
15977383
5335342
4647445
18157900
1469125
6191554
19170499
12057475
13309090
2390671
5887756
15975694
3646342
19065550
7309540
14904571
14694844
5369974
19239232
629623
8378500
1693069
9693211
13790224
2559559
14454052
5060530
10398427
17598769
3464089
17174467
6562
6564103
10955452
13497805
10743754
2201935
17553886
18701728
4211374
2931373
5504005
12988741
2685079
19732774
13206511
12736
12738103
12569848
4636552
7264900
10344997
4249195
671947
10622074
763213
1687009
3633211
5934550
2649055
3748987
1469272
6338554
5848795
17095120
820414
18807583
9865309
5526307
15250528
19968223
8172955
16590412
17157952
3531775
4699615
10207261
6794686
1055896
13807027
19362559
3715345
7907698
11856181
12417220
12330256
5527108
16051528
19359703
859345
17658157
2731450
5983135
11153629
11272675
10077397
17212177
17676349
883237
1469731
6797554
3923896
16056568
4359490
10765882
4289722
1118521
16311388
18696934
19457587
18582493
5217652
7198723
4288636
32521
12482890
17879617
3749107
1589272
6097276
5053351
3219427
12995023
8967079
9105892
7637401
2081950
17810164
14456959
7967530
11567542
4341202
12518095
13004191
18135079
18728551
10994161
12126379
2052238
8138377
2052625
8525377
8288578
11972134
8128942
12657838
12465700
689617
8251861
15335560
4799158
9549196
10056715
16570390
17176165
1704562
1145998
3707962
524698
3654565
7248337
13822210
14505346
16274104
1453147
10253767
13220260
13761736
14151985
3596725
9528976
9876928
17145307
10926988
5074018
3846214
18535420
18265291
8659060
1690087
6711211
17781961
6294172
1547221
4126702
18460438
3403930
17136106
1725988
2531785
6720265
6795748
2117896
13675738
8314837
18190921
14449912
920530
18722518
4961161
11230492
7974823
18860542
2703670
18283561
6888847
15056044
5846140
14440120
11168743
6346462
13756795
9210985
12529336
4204978
16575586
2331952
7289395
14799784
10108909
8643751
6421300
8433943
17055643
1423840
986980
5011666
1614853
11638063
14741563
12008548
4462516
13590817
3554689
7573402
18243802
7210273
15838636
6869833
16082257
10008277
8212816
16370986
18174295
17864125
8297320
673921
12596074
10822339
626083
4838500
8810770
13118596
12298801
14152534
4145725
17443225
8241793
5267560
17026297
12158266
13899025
11159494
17137675
3294988
8395171
18364069
7235995
1480210
17276554
1892497
8719081
1590448
7273276
18720997
3440161
13286680
20884
845890
4203157
14754586
4991335
1324066
1414045
11232193
9675823
16442437
9464443
5464567
13631167
3824263
16624633
11298526
15888184
16337407
4635508
6220900
8436073
19185643
7161262
6908062
14230831
2281873
17331034
16292071
19420147
1182706
335536
14894695
4818844
9194983
16567549
14335165
6414808
1941943
18084655
8384977
8170069
13704412
16948624
14646118
16764613
10997035
15000379
10301779
1111621
9411388
12530206
5074978
4806214
16605196
11901739
17894794
18926107
8148031
11706625
3142711
16439875
6902443
8611831
14581726
12493252
8201404
4958986
9055492
17358040
3217645
11213023
10546036
4886065
16295344
2652934
7627987
12708163
2670061
4714774
5326048
15393658
2776519
10971709
9714592
15131011
652288
11003287
1212166
9755323
15781585
9939472
19568668
9422215
3316993
10359958
19210195
11673049
9647137
7796650
1009246
7237453
2938210
12341005
16276108
3457147
10232467
11960473
16508155
15061804
11606140
2858776
13067857
1640227
16971850
17831905
16157746
5336425
5730445
18986398
8318392
1705708
2291998
7415821
944293
2405092
268543
8022334
6250903
18398860
1946569
2670442
5095774
5562001
10864102
2308657
4034608
6527290
14222878
14369086
255382
14901547
11670844
7442137
7220080
5605423
14205676
17207299
12798349
12695209
9756274
16732585
19049461
11260753
18195610
19138912
510688
9684778
5357224
6489232
16245304
12733573
8039848
3724690
17252698
18116923
572551
11427139
4219693
11250373
7815610
19969246
9195955
17539549
4364728
16003882
11794129
10485859
4829704
14770
14772103
2468122
3177904
11552449
9288415
9798484
18862159
4320670
12026308
2182303
17962099
6070255
18112777
16466764
13751230
3645985
18708550
11033374
11258953
16395610
2717869
12442348
17418043
3100006
13815301
7596346
1107376
5166388
16055362
3153490
7178662
4267849
19325947
7183771
9376849
18071632
15402190
11308519
5840971
9271120
12543697
18565978
8742865
5334235
3540445
13369615
2795032
9444496
5557780
6643102
9793600
13978159
10132642
12336538
11809108
5424646
13790593
2928559
2690005
4618561
9314113
15456271
5268880
18346297
9504208
5149141
18848575
10776883
15290722
41584
1505677
2663128
17821987
6239746
7241860
7345210
10494145
13115704
9406801
7943206
7283755
9159784
1408762
5949193
17292055
17393497
18634432
17076226
1966627
2688229
2842561
16893070
19212757
14235049
6499873
6846091
12380470
15660682
9277750
19173697
15255475
4875010
5240344
9850510
10767520
5927722
15861268
9461620
2641567
16301200
8508934
11885791
1946794
2895442
9653431
14090650
2382364
17620969
5623876
12618463
13171126
4708162
18754261
16663948
10533100
11990278
6232729
224860
4419760
10915243
13369231
2411032
6208543
16119286
6956851
2899192
13403431
16570819
17605165
9860089
306307
5705908
14489611
539104
18060565
4335190
6506095
13068091
1874227
10489294
8264704
8138347
2022625
18605803
8487439
10431004
10095343
15117964
7645501
10181950
1523899
844915
3228157
1684810
1434211
11357980
15221545
11025436
3320953
14319958
11248021
5463610
12674167
8754487
16956235
2216905
12483673
18662617
5180800
10427149
6240343
7838860
3138820
12548875
3703765
16367911
15099295
9016714
18660466
3029800
3729940
2462485
17581117
5852302
561907
783139
1572796
9661489
2108437
4216738
8295373
18767134
9496735
17716354
807811
6204583
12159286
14919025
9108631
10376401
15612982
1658176
14880637
10801057
19424509
5544706
13609315
2012476
8456803
19875430
15581020
9776602
17020372
6233266
761860
334009
13367695
875032
13304944
18284884
8211847
15401986
11104519
2243101
18639460
2064013
19913377
13447594
613180
11975713
11707942
4459711
10785817
4184509
16146799
14429638
686743
5377861
7086019
11825914
2190433
6051886
19783990
4301872
13268521
1902097
18319081
2328421
3758395
10877272
15478657
7614667
19428376
9411706
12848206
2431570
6706330
12900961
15106144
15865714
13907620
19754494
14886298
16462057
9044230
6096040
3817351
9712633
13172011
5593162
1944676
777442
15916009
4081981
13819864
12159346
14979025
8987992
9978679
18695242
17765587
9960385
401242
439843
19000630
2510179
5154478
4145362
17080225
5965627
13685842
18418837
1883356
19618294
18967789
9749605
10063585
3400177
13383106
16286032
13381147
14327032
18322021
5268421
17887297
11429107
6187693
15309499
18818584
826096
4449370
444817
3934417
6537355
4247665
19182160
3678262
10905124
3250231
3718597
11159698
17341675
6892858
19067044
8803540
5888596
16815694
1957396
13497442
10380754
19965982
5931955
54055
13976677
8650642
13312300
5600671
9453676
14737780
8225548
9062773
4598827
9620326
1025863
3814240
6601633
8405026
8178856
2451199
6295117
2492221
7236691
2176210
11869099
5295007
4392871
4066456
18335077
18324421
7668421
13061737
15560440
9236815
18319123
2370421
5677969
6590824
17636239
853663
11976157
12151942
7575025
19866802
6953020
19108405
10084114
3888964
1164781
2450749
5845117
13417120
10219606
19139686
1284688
2116471
12250738
6169960
17616712
1366876
4143619
15337225
6464158
11211517
9040036
1902040
18262081
5449060
18164380
7949125
13202755
16296949
4257934
9410947
12089206
4959664
9733492
13990798
2731429
5962135
10193842
13415899
8998606
552466
11382352
19553332
14126428
18120151
3800551
12952846
6870505
16754257
641035
19790500
10811872
10199296
18869899
12060670
16504090
10996804
14769379
19784335
4646872
17584900
9635302
16001863
9775129
15547372
16209028
16537999
4825378
15728983
17458111
3087580
1389301
6528406
15338878
8117158
873838
12110944
6657451
4102387
14185651
17222512
7971136
15173542
3102862
16671301
17886100
10232107
11600473
17231989
17448136
13152793
6415375
2508943
3918478
10638568
17257213
2591710
6524626
11558878
15717415
5890111
18330694
13941421
13475068
8046967
10843690
1936870
13011655
5558866
7729102
13622098
14795476
5800909
9289546
10929484
7570018
14859802
10006270
6205816
13392286
5425819
14963593
13596205
8942689
4756105
6576622
3434239
7364680
9923932
4028668
587290
6125926
13663138
15755050
3444685
17810680
14972959
2921992
16163218
10808425
6752296
18786535
8857522
19790170
10481872
842704
1017157
15148453
18094288
18017977
1827616
3958720
10800142
18509509
12394504
9654469
15128650
18331501
14748421
18866548
8709670
12219661
15173386
2946862
952792
10904092
2218231
13809673
1968346
4407229
18424456
7502356
7318441
3765358
17840272
4484533
15567604
16400815
7922869
6986968
12975979
9963292
3308242
1608958
5743063
11564185
984202
2233666
9204460
6004336
12314416
9727321
7819798
4117033
8791438
13826809
19104346
6025114
13052203
6026440
14378203
9372382
13604632
17369689
14866645
16849270
15493183
2100454
16273951
1300147
17575471
206302
5901973
10152481
12135325
10998238
16203379
10888999
7165444
11090062
7826314
10633033
11722213
18730711
13154161
7783375
7774459
18898672
753244
11758222
14659285
9891400
11577094
13893202
5336494
5799445
7825546
9865033
5250307
19813510
13781659
14034772
6625003
11734813
11290498
7860184
4422607
13762243
14658985
9591400
12180289
15881812
9965407
5423242
12386593
1743469
20012785
12654529
9156700
18364975
8141995
5670625
19287037
8354197
17470495
15471580
537667
16623565
10230526
10019473
19408816
9891919
12096094
11847664
3900220
12420781
15891256
19409407
10482919
1889704
5926081
14220268
11759086
15523285
12162241
17874025
18197320
808699
7092583
18389914
13040782
14645653
16299613
6921934
8062618
6454477
1530517
7462915
7957867
1904542
723868
2422435
17611543
16238089
5518573
7516528
1450228
7334767
51145
11066677
4481527
12561604
16432765
19832656
12887446
1591144
7969276
13313542
6842671
8960470
2496892
11907691
3806581
18982846
4766392
16863622
9804970
5307946
17331871
17129071
14731201
1646548
3252637
6124597
12334138
9409108
10250206
9659260
19919650
19720594
1026511
4462240
13314817
8117671
1386838
4065406
17285077
10415497
14628556
19242826
4223623
15180373
9933862
13958668
10681855
423574
2731630
6163135
10791712
10079509
19324177
5413771
2915593
9764218
4636372
7084900
10706914
5442361
11465380
2380267
15523969
12846241
466570
5647204
15906250
14363194
14403595
14724169
14654761
5367400
16665232
11817100
13416646
9745606
6064585
12442777
17847043
11255533
12975610
9594292
15072289
2050927
6827377
13706683
