18954685
16685818
12362887
18117895
1544551
1456702
13808767
1062346
216814
16413973
1040656
18607240
9924439
4535668
6581965
8777239
19668022
8575150
17981152
5083042
12870214
4399357
10552456
11306065
3386971
177106
16786399
12742822
17288848
14186497
18068512
12282190
17581747
6482302
9315304
16647271
13896313
8447494
10566430
5239852
9358510
19772845
13197085
10626949
5638213
6915250
1378618
15885619
13772407
4782772
13203409
16950949
16971118
17099905
5605414
14196676
8207299
10853986
12232870
8342173
5446495
15599380
8096389
145051
4771612
2043409
19349590
10786558
4925509
15658918
7513750
18712441
14924374
14457631
8639530
2200300
15918886
6958981
5029192
19140853
2451688
6784117
10527109
5999278
7256416
1860997
17299507
4805284
15675196
3751537
4019272
11231503
8985823
7809679
14038246
10099003
18777964
286522
5961121
9179842
1426549
3695980
8582911
5701939
10520611
19541491
2285428
845821
4134157
5875225
3444694
17819680
3932746
4866355
16625557
12222526
18038386
2196403
12021886
17800516
4808959
19350196
11392558
9719119
19658011
18604363
7047439
13326340
19640671
1264363
1831684
8026720
10636903
15592213
929389
7541305
6187015
14631499
2145613
1312312
9700258
797011
15444796
13834093
6348133
15427795
16873306
19488970
9885067
5244094
13600510
13247689
1110310
8100388
4144051
15769225
17619685
4339876
11192095
9658249
18908650
10731244
9732148
12646798
1425700
2846980
1271857
9325684
6987058
13065979
19802440
2711659
6232348
19884073
4183807
15444799
13837093
9348133
9395845
17027419
13280266
13647097
19754263
14655298
5904400
12579481
14269552
922447
599305
18140926
4535338
6251965
19460860
1815280
11662933
19571350
12104215
19968664
8613955
16705726
12230674
6146173
13869925
2099707
15526951
15828241
16515046
1912591
8772868
15297022
6341584
8878795
982744
775666
14140009
11660938
17576350
1085302
3132601
6329875
17210008
15507349
16266454
13843360
15615133
3809176
1537633
14578915
9682252
2831224
5556070
4933102
3211705
5273023
2449084
4180117
11754799
11236285
13767823
198772
18412186
15272569
1928797
4938655
8764705
7134022
19748488
8880298
2485744
759691
18205222
8710699
13248661
2082310
18170164
13733125
