8835786
10645063
13020123
12418627
11788170
8232652
9849168
12795580
9779997
5809309
5574081
1856266
7120998
17813392
15573684
9805519
8387031
5401234
4438932
7447495
10709163
19494223
4975698
1540222
15280980
282628
8505264
17342767
8120985
18611014
15972654
10021063
10116762
19782361
14037423
14964862
8435136
10259839
14192925
10630351
11534211
2623006
4400886
3604849
3365964
19319005
7318893
17760574
10239066
12094852
19167321
12039022
13528491
3643156
7234971
9284452
15879903
653212
5853822
10069894
15048693
16902067
3690711
12038026
13427895
13523173
3106038
13106692
1121883
13109167
1371858
18316429
6259782
10991428
7922562
18610504
15921144
4818553
5708790
15461875
18553023
10115563
19661262
1806424
2086956
10380475
6336948
18785194
13524621
3252286
7837527
10021969
10208268
8984254
5600118
4486003
12201666
9915322
19477134
3249709
7577250
3774205
430707
3421030
4840458
7921195
18472437
1976377
19252209
572497
17741820
8344912
1147215
15667699
19301034
5503822
14800320
11856607
15144789
6567550
1995570
1150489
15998373
12618682
11953512
4891981
13125018
2972809
19690776
4787338
2556075
17681068
2208960
2662666
8406546
7372249
3109317
13437871
14530749
4670149
10760199
4608646
4548396
18503359
5099499
14044123
15641562
16661197
19443267
19869355
2783604
581071
18607794
15647434
17254269
19222900
17652501
19363906
11853894
14870776
18972663
12418777
11803320
9762802
4072614
10529803
1378863
19023934
17597148
13773253
8323905
19065721
1777422
19197967
15134268
5504929
14912127
3108901
13395855
10287133
16949619
8493463
16150866
7980262
4397991
3312454
13914495
2549134
16980027
11564671
5699466
14520151
3599751
2851066
7394733
5380201
2314599
13332205
3858483
8942785
1411749
2305207
12383613
8251756
11778672
7273354
13161135
6620626
7356246
1493014
10512972
19719145
7652607
11385262
7619370
8028325
9252354
12638005
13905135
1603774
1659519
7289764
14818545
13697332
655884
6123694
17286753
2463571
8338164
465667
6951990
743584
14981394
10104868
18581067
12948007
5134911
17620735
16155540
8452336
11997039
9288208
16259259
18927955
7903269
16661911
19515381
7112656
16970850
10637794
12285954
18428410
17569863
11017468
10552602
3681562
