11113977
259798
6199434
4896280
13559217
6746482
27489
2776438
19897518
5628067
7308852
16746433
8011890
7592419
5306274
14888185
690759
9646069
12322794
2109037
12610656
11142886
3179607
496948
10111371
19237870
19164471
11751172
4495854
13196617
10204308
8584294
5284584
12697495
19913625
7254874
11294655
18508276
5596116
4081801
11457690
14934598
5378472
2139970
15734889
6047011
9541770
1788595
286227
8868763
13975740
8734879
453456
5718679
16460664
19229647
18333948
8029201
9340830
1533868
14639226
15626326
15122361
4302322
13690098
19965463
12490512
19048555
43656
4409305
4455168
9087331
16010895
13883404
19449156
423931
2736654
15879334
595743
49453
4994802
3469726
9758754
3663766
9316581
19124932
7757733
1962775
17878407
2099986
11696505
19014700
16664514
19778284
13625646
13455811
16342689
7314172
17283753
2160571
17815590
15795682
12187104
8444560
11211663
10126084
683670
8930080
128544
12982993
8668497
13789087
9923139
226438
2830074
5274541
11683152
17666047
691839
9755149
3299661
12622402
12329232
2759275
18164055
10910221
19760868
11866630
16157112
8611108
7992798
5664127
10950912
3830446
6111048
16009507
13743216
5290168
13261479
16755370
8914527
18597904
14648544
16567444
9974214
5385013
2800611
2298778
11734284
2790166
1243833
5385904
2890602
11387869
7882677
14582119
9858519
13740031
4968483
811507
1801404
1579936
19292094
4600882
3764232
19463647
1887522
10277854
16012440
14039449
15169488
9062149
13467513
17524591
6444996
9657829
13510554
1831519
4621551
5851801
9865773
14472685
18845898
19655725
1247187
5724658
17064543
60574
6118023
16713982
4734339
17243389
18124020
6866686
12168093
6524449
17682582
2361874
18106980
5145646
18704970
5421997
6535995
18848728
19941555
10075804
15645603
17069338
544869
14951392
7074666
13133860
3865851
9686953
16452078
18362461
10909014
19638961
19594236
15077011
19762185
11999647
9551616
2783041
524208
12864631
16754148
8791105
6132282
18154141
9908907
18829219
17971146
11466625
15837033
16363555
9421638
9695476
17312901
5104519
14551143
6729943
18397263
14424016
13930329
4148368
18180957
12617323
11816253
11069035
15760869
8670991
14040981
15324220
4649868
8711818
18164508
10955974
4341708
17668084
897576
10494373
17840646
18326338
7260591
11872072
16706754
4004311
3631200
6027415
7562574
2291929
11042535
13084369
18907473
5834587
8127159
19234588
18832989
18351916
9843969
12270481
16865637
11281
1139430
14881414
6888
695737
10148847
2982733
652887
5820997
6754569
844276
5111073
15213097
13466658
17438236
17763354
10519846
373206
17653642
19479147
3453022
8071650
13628179
13711644
2101396
11838915
13357897
6453375
10504108
18823881
17432008
17134326
7108657
16566951
9924421
355920
15907756
3466365
9419293
9458631
13431769
13914447
2544286
16490379
2190649
813255
1977952
19411284
16639072
17208642
14614573
13136373
4119664
15281853
370801
17410737
14985955
10565529
4987189
2700813
12259393
15745749
7143871
83352
8418601
8589804
5841094
8784366
5451643
9530241
624166
2920176
14374843
8963856
3539920
16848348
18305305
5136258
17756782
9856074
13493086
67251
6792400
4665207
10261057
14315943
3014956
3907410
13884412
19550964
10706539
19229199
18288700
3459153
8690881
16049871
17819980
16239072
16889068
2377812
19716718
7407480
6667648
12105468
199324
91560
9247609
12158760
5581816
2637501
5864881
11186853
7620274
8119629
18474058
2140098
15747817
7352739
1138807
14818491
13691878
105030
10608079
9284739
15908890
3580899
947014
15487611
1112146
12125730
2245786
6382092
3304525
13113666
1826257
4090089
12294778
19319634
7382422
4136790
17011579
14751423
6918010
17351817
9035035
10728999
1457446
6920604
17613811
15456216
17981464
12508743
849673
5656170
10147255
2821941
4453108
8879271
15037048
15725922
5141344
18270468
1617721
3068166
9281620
15593871
11844406
13912488
2346427
16546833
7892503
15574545
9892480
17170092
10721023
651870
5718280
16420365
15159448
8048109
11250538
14052459
16483498
1495668
10781026
6712173
16602493
13514163
2196028
1356534
16768705
10261362
14346748
6126261
17546020
8609325
7812715
7515957
17623825
16467630
19933213
9233262
10709713
19549773
10586248
7079808
13653202
16238967
16878463
1306707
11736178
2981460
524314
12875337
17835454
17801946
14417638
13286151
19247242
70830
7153879
1094160
10309144
19172730
12585331
8585061
5362051
481449
8545972
1414062
2538820
15938313
6552622
487842
9191665
6508416
16063249
19171158
12426559
12589302
8986132
5789796
3603268
3206283
3191224
1670265
8375110
4197213
3074089
9879843
15893755
2052264
6876583
13167690
7282681
14103162
1564288
17711646
5297338
13985649
9735688
1334100
14502871
1854471
6939703
19542810
9882985
16211097
14063593
17608032
14872537
19150524
10342525
2503998
12421291
12057234
15367903
9061851
13437415
14484693
18493
1867842
8290174
15658890
18411325
15844278
17095300
3167031
19266985
2064873
8150092
1510608
12289966
18833622
18415849
16301202
3123985
14919339
3837313
6804615
5898922
14624994
14188894
10223220
10494406
17843979
18662971
1180098
18988882
14056896
16931635
6677079
13057999
16244103
17397199
13618617
12745882
4760499
19885549
4419198
5454361
9804759
8310271
17688687
2978479
223233
2506369
12660762
16203592
13305588
1170166
17985750
12941629
4490733
12679396
18085626
2988892
1274946
8528317
19671120
2802082
2447349
6699742
15346962
6946810
220404
2220640
3842346
7312948
17160129
9714760
19260585
1418473
2984331
814285
2081982
9878101
15717813
4322335
15711411
3675733
10525248
918808
12638805
13985935
9764574
4251586
8565762
3412852
4014480
4658269
9560319
3662044
9142659
1558810
17158368
9536899
1296624
10717795
325842
12869878
17284095
2195113
1264119
7434790
9425958
10131796
1260582
7077553
13425447
13275925
18214416
15996682
12447891
14743834
6151521
57067
5763816
979288
18747285
9695812
17346837
8532055
8445
852994
5991591
3944350
17615352
15611857
13660992
17025757
16183401
11266297
15644118
16919353
5436597
8010595
7461624
12136192
3302448
12903889
678993
8457703
12539106
3916336
14785938
10404025
8715498
18536188
8415228
8249131
11513547
535942
14049765
16211404
14094600
699526
10531536
1553896
16662054
19529824
8571399
3982189
1396878
803236
966033
17408530
14763048
8092135
15697164
2236786
5473092
11696590
19023285
17531599
7152804
985585
19383282
13810870
12123222
1992478
838197
4497094
13321857
2813335
3583902
1250317
6040788
8913247
18468624
1591264
396009
19956745
11609994
10277089
15935175
6235684
8557530
2581420
200700
230536
3243972
6997813
5371707
1456705
6845763
10054870
13531269
3923734
15533136
5710171
15601356
12600391
10106121
18707620
5689647
13528432
3637197
6633112
8617332
8621422
9034512
10676176
16162536
9158932
3202383
2797324
1966791
18284023
2986776
1061230
6983214
3897208
12854010
15681427
647349
5261659
10382070
6498043
15015576
13557250
6547815
2335
235884
3784120
1432122
4362880
19806456
16471018
235188
3713824
14372439
8721052
19097142
4950943
19080180
3237781
6372522
2337955
15691161
1630483
4357128
19225504
17915505
5846884
9369156
4394794
2989557
1342111
15311982
3413830
4113258
14634847
15184047
10532608
1662168
7557313
1760568
17495713
3528318
15676546
154368
15591217
11576352
6879247
13436754
14417932
13315845
2206123
2376129
19546735
10279410
16169596
9871992
15100804
2125065
14229484
14322810
3708523
13837038
14766190
8409477
7668280
12968235
7177939
3524220
15262648
18471309
1862449
7745481
725323
13137033
4186324
1974300
19042432
19465446
2069221
8589240
5784130
3031002
5528056
17247954
18585085
13353825
6042103
9046062
11842726
13742808
5248960
9099471
17237035
17482266
2170171
18785190
13524217
3211482
3716323
14624838
14173138
8631864
10089154
16993953
12971197
7477101
13699369
861621
6862918
11787525
8167507
3269523
9578464
5494689
13877887
18891939
4265653
9986529
6628828
8184648
5000764
4071888
10456477
14013150
12513289
1308819
11949490
4485759
12177022
7426278
8566246
3461736
8951764
2318628
13739134
4877886
11701423
19511418
6712393
16624713
15758383
8419905
8721508
19143198
9602599
7932324
19596466
15302241
2429989
4946382
18619519
16831659
16619716
15253686
17566147
10642152
12726112
2763729
18613909
16265049
19512745
6846420
10121227
193113
19504462
6009837
5787196
3340668
16764109
9797166
7543378
353133
15626269
15116604
3720865
15083580
385441
18889377
4006891
3891780
12305782
390825
19433161
18848649
19933576
9269925
14412676
12784989
8710306
18011796
15572275
9663210
14054035
16642674
17572444
11278149
16841170
17580327
12074332
17094801
3116632
14176686
8990212
6201876
5142922
18429846
17714899
5625891
7089076
14589270
10580770
6526530
17892763
3549942
17860570
298449
10103185
18411084
15819937
14636859
15387259
11016807
10485841
16978914
11452258
14385966
10087279
16804578
13884535
19563387
11961262
5674731
12021916
11800785
9506767
18293505
3944458
17626260
16713565
4692222
12989572
9332976
740614
14681424
19888324
4699473
13721923
3139575
16493929
2549199
16986592
12227736
12548392
4854222
9311359
18597510
14608750
12548250
4839880
7862817
12576259
7668789
13019644
12370248
6901891
15723798
4926820
16643757
17681827
2285619
10405225
8836698
10737175
2283222
10163128
4425114
6051877
10033236
11346235
3677643
10718158
362505
16572841
10519311
319171
12196107
9353863
2850201
7307368
16596549
12913819
1681923
9552568
2879193
10235560
11740746
3442828
7042056
9840250
11894862
19008544
16042758
17101567
3799998
3035800
6012654
6071713
12036672
13291141
19751232
10893394
18061341
536107
14066430
17894569
3732348
16243363
17322459
6069877
11851236
14602318
11898618
19387900
14277288
19151014
10392015
7502488
16263456
19351852
10636440
12149200
4616256
5317006
15972117
9966826
4638825
7596475
5715930
16183015
11227311
11706532
20027427
18748876
9856503
13536415
4443480
7906843
17022885
15893329
2009238
2530957
15144150
6503011
15517344
4115179
14828868
14739955
5759742
567814
17268837
654055
5938965
18669337
1823064
3767596
19803411
16163473
9253569
12760720
6259137
10926283
1342917
15393388
11635836
12887131
19026648
17871262
1378341
18971212
12272226
17041882
17812026
15435718
15911166
3810775
4124277
15747766
7347588
618556
2353566
17267872
556590
16135213
6399309
5043442
8382366
4930069
16971906
10744450
3017997
4214551
4825227
6382864
3382497
948625
15650322
17545957
8602962
7170052
2727633
14968213
8773587
4362964
19814940
17327902
6619620
7254640
11271021
16121242
4988238
2806762
2920029
14359996
7464309
12407377
10651920
13712680
2206032
2366938
18618444
16723084
5653641
9891826
17104038
4049569
8202258
6779374
3349581
17664322
517614
12198637
9609393
8618518
8741208
1092685
10160169
4126255
15947544
7484953
14492421
799021
540318
14491741
730341
13643851
15294516
1649764
6304509
15508855
3257790
8393431
6047634
9604693
8143818
876934
8409531
7673734
13519089
2693554
11526234
1817329
3188361
1381102
19250073
356761
15992697
12045406
14173275
8645701
11486691
17863699
614478
1941688
15748620
7433842
9330210
461248
6505671
15786004
11209626
9920347
19984659
14429308
14464821
18051634
19595913
15246388
16829049
16356106
8669289
13869079
18002331
14616310
13311810
1798588
1295520
10606291
9104151
17709715
5102307
14327731
4205544
3915520
14703522
2080009
9678828
15631453
15640188
16522423
5427093
7050691
10712385
19819645
17803107
14534899
5089299
13013923
11792427
8662609
13194399
9980290
5998689
4661248
9861198
14010610
12256749
15478705
212640
1436476
4802634
4100971
13393860
10085638
16638837
17184907
12217338
11498194
19025502
17755516
9728208
578620
18360243
10684996
17053356
18970900
12240714
13859170
17001522
13735666
4527618
16404781
13585464
9397429
7250367
10839448
12612795
11358925
4959333
19927570
8663319
13266109
17223000
16064731
19320840
7504228
16439196
17061379
19781223
13922485
3356124
18325165
7142118
19946512
10576461
6091321
14017080
12910219
1318323
12909394
1234998
4493569
12965832
6935236
19091643
4395544
3065307
8992861
6469425
12125158
2188014
547120
15178743
9996904
7676703
13818958
12940110
4337314
17224290
16195021
12439917
13938460
4969599
924223
13185720
9103711
17665275
613867
1879977
9515809
19206747
16021048
14908857
2778631
78798
7958647
2214876
3260182
8635023
10408213
9138486
1137337
14670021
18736621
8618748
8764438
3438915
6646843
10004163
8409862
7707165
16895620
3039564
6392818
4387851
2288314
10677420
16288180
1808763
2323195
14200401
11385427
7636035
9711490
18930315
8141629
655845
6119755
16888914
2362258
18145764
9062830
13536294
4431259
6672522
12597742
9838572
11725384
1891266
10655998
14124558
3725284
15529899
5383234
2620932
4191412
2488188
10824481
11101128
19002262
15408276
13139524
4437915
7344778
334746
13769182
7912734
17617876
15866781
19368103
12277791
17603947
14459952
17559865
10007670
8764069
3401646
2882674
10587141
7170001
2722482
14447962
16348875
7938958
226287
2814823
3734190
16429405
16072488
64084
6472533
12439066
13852509
16328761
5907444
15485716
920751
12835048
13766265
7618117
7901772
16510714
4244484
7848460
11126202
1494523
10665381
15072241
19280415
3421303
4868031
10706068
19181628
13484029
19192707
14603008
11968308
6386377
3737310
16744525
7819182
8169124
3432840
6033268
8153727
1877743
9290175
16457926
18953109
10443823
12735096
3671113
10058628
13910827
2178666
19643185
20020860
18085609
2987175
1101529
11053413
14183047
9632673
10969798
5737932
18405217
15227370
14908231
2715405
13733185
4277037
11136313
2515734
13606627
11534892
2691787
11347767
3832375
6305877
15647023
17212758
15030289
15043263
16353637
8419920
8723023
19296213
5016901
5701725
14748310
6603597
5636317
8142102
703618
10944828
3215962
4168803
204679
632415
3753325
18362040
10866493
15344340
6681988
13553808
6200173
4970919
1057543
6610827
6366547
1734480
14860825
17967612
11109691
19867125
2558374
17913267
5620846
6579531
3205651
3127392
15263446
18551907
10002847
8276946
14322862
3713775
14367490
8221203
8692819
16245609
17549305
8941110
1242574
5258745
10087756
16852755
18750412
10011639
9164938
3808989
3943891
17568993
10929598
1677732
9129277
207228
889864
9715461
19331386
8569374
3777664
780066
18666076
1493703
10582561
6707421
16122541
5119437
16057861
18626970
17584210
12466515
16624858
15773028
9899050
17833662
17620954
16177659
10686355
17190615
12793846
9604863
8160988
2611104
3198784
2433825
5333818
17670129
1104121
11315205
543613
14824536
14302423
1649436
6271381
12162927
6002683
5064642
10523566
748926
15520936
4477971
11390434
8141742
667258
7272468
13071649
17622753
16359358
8997741
6962305
1785399
20003644
16346793
7728676
19068231
2030932
4722051
16002301
13015410
11942614
3791283
2155585
17312004
5013922
5400846
4399744
3489507
11756635
5047617
8804041
7438818
9832786
11140998
2988919
1277673
8803744
7408821
6803089
5744796
19098481
5086182
12699106
36123
3648472
7771887
3392329
1941657
15745489
7117611
17471305
1063110
7173094
3034875
5919229
16676001
898258
10563255
4757515
19584165
14059840
17228979
16668610
151767
15328516
5083764
12454888
15450531
17407279
14636697
15370897
9364245
3898783
13013085
11707789
114171
11531320
2331015
14990221
10996395
8424229
9158232
3131683
15696837
2203759
2137365
15471784
19553832
10996207
8405241
7240444
9837225
11589337
8190732
5615248
6014133
6221092
7083738
14050132
16248471
17838367
18096159
4052725
8521014
18933517
8465031
13279234
18548625
9671365
14877690
19670977
2787639
988606
19688403
4547665
18429528
17682781
2381973
96766
9773415
5144527
18591951
14047291
15961530
8897539
16882116
1675660
8920005
19151182
10408983
9216256
8992107
6393271
4433604
6909367
16478874
1028644
3692028
12171043
6822399
7695106
15677661
266983
6925119
18069826
1393092
420850
2425473
4490266
12632229
13321759
2803437
2584204
481884
8589907
5851497
9835069
11371581
6237589
8749935
1974112
19023444
17547658
8774763
4481740
11771103
6508885
16110618
3915214
14672616
18998716
15050130
17047204
18349548
9604801
8154726
1978642
19480974
3637549
6668664
12208084
10563540
4786300
2451237
7092430
14928024
4714498
15239448
16128109
5681805
12736390
3801807
3218509
4426050
6146413
19581372
13777747
8777799
4788376
2660913
8229493
9530109
610834
1573644
18656602
536829
14139352
5219478
6121789
17094348
3070879
9555633
3188758
1421199
3259657
8581998
5052688
9316212
19087663
3993564
2545753
16638546
17155516
9248847
12283798
18210654
15616720
14152155
6512581
16483914
1537684
15024642
14472916
18869229
1971943
18804375
15461902
18555750
10390990
7398963
5807431
5384403
2739001
16116381
4497277
13340340
4680118
11767068
6101350
15030009
15014983
13497357
498622
10280445
16274131
389814
19331050
8535438
350128
15322764
4502812
13899375
1022014
3022398
4659052
9639402
11649427
14259822
17386948
12583266
8376496
4337199
17212675
15021906
14196580
10999506
8738440
813117
1964014
18003546
14739025
5665812
11121097
978918
18709915
5921442
16899514
3432858
6035086
8337345
382948
18637584
18656224
498651
10283374
16569960
10228330
11010516
9850450
12925062
2817466
4001133
3310222
13689063
19860928
1932477
14818309
13673496
18288661
3455214
8293042
15948558
7587367
4796022
3433159
6065487
11407846
9900354
17965366
10882845
16995892
13167036
7216627
7431708
9114676
18772740
12266767
16490523
2205193
2282199
10059805
14029704
14185243
9854469
13330981
3734859
16496974
2856744
7968211
3180840
621481
2648991
7025371
8155065
2012881
2898900
12225967
12369723
6848866
10368273
5104546
14553870
7005370
6134964
18425023
17227776
16547107
7920177
18369619
11631972
12496867
19690410
4750372
18862722
1314736
12547107
4724437
16243287
17314783
5294601
13709212
1855764
7070296
12692490
19408120
16319508
4972891
1256715
6686986
14058606
17104345
4080576
11333965
2438373
5793166
3943638
17543440
8348745
1534348
14687706
482593
8661516
13084006
18870810
2131624
14891943
1070317
7901001
16432843
16419726
15094909
1529670
14215228
12882954
18604771
15342111
6456859
10855992
14283739
19802565
16078027
623523
2855233
7815600
7807342
6973284
2894278
11759145
5301127
14368338
8306851
17343267
8171485
3671301
10077616
15828615
15513337
3710472
14033887
14607726
12444826
14434269
14965882
8538156
624646
2968656
19271323
2503011
12321604
1988847
471466
7537689
19818757
17713419
5476411
12031809
12799978
10224195
10592881
7749741
1155583
16512867
4461937
9771000
4900612
13996749
10856788
14364135
7882348
14548890
6502390
15454623
17820571
16298763
2877646
10079313
16000012
12784221
8632738
10177428
5869414
11644686
13780981
9104433
17738197
7978989
4269418
10366794
4955167
19506804
6246379
9637725
11480050
17192958
13030489
13465593
17330671
6899289
15460996
18464244
1148884
15836268
16286290
1617873
3083518
10832172
11877919
17297301
3528919
15737247
6285169
13555515
6372580
2343813
16282819
1267302
7756273
1815315
2984947
876501
8365798
3256701
8283442
14978958
9858832
13771644
8161396
2652312
7360792
1952160
16806292
14057649
17007688
14358432
7306345
16493226
2478196
9815289
9373801
4863939
10292776
17519562
5937067
18477639
2501779
12197172
9461428
13714266
2366218
18545724
9378364
5324802
16759513
9332970
740008
14620218
13706518
1583670
19669228
2610990
3187270
1270911
8120782
18590511
13901851
1272090
8239861
10577277
6173737
2300883
11946889
4223058
5684434
13001919
10580023
6451083
10272616
15483402
687037
9270147
14435098
15049611
16994785
13055229
15964333
9180642
5395093
3818691
4923793
16338030
6843613
9837720
11639332
13240227
14608918
12565218
6553648
591468
19657891
1465953
7779811
4192653
2613529
3443709
7131037
18827331
17780458
12247350
14529406
4534506
17100469
3689100
11875315
17034297
17045941
18221985
16761151
9498408
17449246
18875364
2591578
1226658
3651229
8050344
11476273
16811481
14581738
9820038
9853450
13228062
13380253
8711331
18115321
5988087
3590446
1911261
12675493
17691423
3254815
8092956
15780085
10611807
9661267
13857792
16862344
19718901
7627963
8896218
16748695
8240352
10626868
11182428
7173349
3060630
8520484
18879987
3058501
8305455
17202271
13971102
8266441
13261857
16793548
12770505
7247422
10542003
2611063
3194643
2015584
3171903
19759057
11683719
17723314
6475806
12769639
7159956
1707937
12179982
7725238
18720993
7040320
9664914
14226139
13984965
9666604
14396829
11184442
7376763
3565231
19404759
15980047
10767756
5371903
1476501
8845159
11591736
8433031
10047234
12760033
6189750
3918196
14973798
9337672
1214910
2464681
8450274
11788777
8293959
16041175
16941684
7692028
15366783
8948731
2012295
2839714
6248181
9819727
9822039
10055551
13600050
10870615
15760662
8650084
11929374
2454043
7375836
3471604
9948432
2781031
321198
12400834
9991077
7088176
14498370
1399870
1105428
11447212
13876320
18733672
8320899
18762115
11193642
8305963
17253579
19153210
10613811
9863671
14260383
17443609
18306027
5209180
5081691
12245515
14344071
5855884
10278156
16042942
17120151
5676982
12249267
14723023
4049610
8206399
7197615
5511496
15575394
9978229
5790528
3677200
10673415
15883675
1034184
4251568
8563944
3229234
5509275
15351073
7362021
2076289
9303108
17764159
10601151
8585011
5357001
20011612
17151561
8849392
12019269
11533438
2544933
16555726
8790696
6090973
13981932
9360271
3497409
12554737
5495067
13916065
2707704
12955384
5879988
12712660
1405077
1631335
4443180
7876543
13962585
7406224
6540792
19333225
8755113
2497090
11723583
1709365
12324210
2252053
7015059
7113553
17061447
19788091
14616153
13295953
197031
19900180
5896929
14423701
13898514
935053
14279550
19379476
13426464
13378642
8548620
1681510
9510855
18706393
5565720
1011805
1991289
718108
12408318
10746961
3271608
9789049
6723561
17752681
9441873
11739211
3287793
11423734
11505042
19717150
7451112
11074480
16310814
4094797
12770286
7225303
8307984
17457700
19729218
8669980
13938870
5011009
5106633
14764657
8254644
12070360
16693629
2678686
10024566
10470565
15436038
15943486
7075095
13177189
8242080
10801396
8769543
3954520
18642522
19154962
10790763
7695610
15728565
5408287
5151285
19274509
2824797
4741564
17973114
11665393
15872388
19934410
9354159
2880097
10326864
922237
12985134
8884738
15589215
11374150
6497058
14916091
3509265
13752193
6196845
4634791
7189041
4645522
8272872
13911388
2235327
5325733
16853544
18830101
18060228
423694
2712717
13461697
16937175
7236619
9450900
12650938
15211368
13292029
19840920
19951882
11118831
750052
15634662
15964297
9177006
5027857
6808281
6269188
11941434
3672103
10158618
3969604
125793
12705142
645759
5101069
14202693
11616919
10976514
6416248
6754281
815188
2173185
19089604
4189605
2305681
12431487
13087030
19176234
12939235
4248939
8298415
16491231
2276701
9504507
18065245
930411
13810708
12106860
339916
14291352
531265
13577388
8581753
5027943
6816967
7146474
346255
14931591
5074765
11545989
3812584
4306986
14161162
7422288
8163256
2840172
6294439
14491785
734785
14092695
507121
11138844
2771365
19385145
13999033
11087472
17623006
16384911
11578594
7105689
16267183
19728279
8575141
4360131
19528807
8468682
13647985
15712050
3740272
17043687
17994331
13808310
11864662
15958344
8575753
4421943
5731606
17766291
10816483
10293330
17575516
11588421
8098216
16311345
4148428
18187017
13229383
13513674
2146639
16408458
13956841
6826080
8066887
13147116
5204707
4629918
6696868
15056688
17709562
5086854
12766978
6891195
14643502
16058202
18661411
1022538
3075322
10004376
8431375
9879978
15907390
3429399
5685727
13132512
3729703
15976218
10381027
6392700
4375933
1084596
9343180
1771218
18571363
11967903
6345472
19646118
276880
7924716
18828058
17853885
19663477
2030139
4641958
7912908
17635450
17641755
18278560
2435013
5453806
9748704
2648716
6997596
5349790
19283301
3712789
14267904
18203230
14866896
18580783
12919323
2237827
5578233
2275618
9395124
7017562
7366356
2514124
13444017
15151495
7244856
10282837
16515723
4750393
18864843
1528957
14143215
5609641
5447826
9144724
1767375
18183220
12845886
14860903
17975490
11905369
29538
2983387
718941
12492451
19244394
19823395
18181857
12708223
956940
16490137
2166207
18384826
13167879
7301770
16031151
15929260
5638269
8339254
575757
18071080
1519746
13212904
11849295
14406277
12138690
3554746
18345774
9223627
9736578
1423990
3541548
17012776
14872320
19128607
8128908
19411237
16634325
16729195
6270852
12109498
606354
1121164
13036548
14077552
19017891
16986805
12249249
14721205
3865992
9701194
17890419
3313198
13989639
10138678
1955664
17160196
9721527
19944052
10328001
1037074
4543458
18004621
14847600
16631887
16482957
1441027
5262285
10445296
12883869
18697186
4635813
7292263
15070944
19149418
10230819
11261905
15200526
12196987
9442743
11827081
12162663
5976019
2371578
19087084
3935085
16679587
1260444
7063615
12017709
11375878
6671586
12503206
290436
9293872
16831323
16585780
11826150
12068632
16519101
5091571
13243395
14928886
4801560
3992497
2437986
5754079
20036064
19621213
17801688
14391580
10654293
13952353
6372792
2365225
18445431
19288984
4286772
12119548
1621404
3440149
6771477
2551984
17267877
557095
16186218
11550814
4299909
13446385
15390663
11360611
5129619
17086243
2252274
7037380
9367974
4275412
10972188
5979322
2705181
12700561
183078
18490927
3843867
7466569
12635637
13665967
17528232
6812737
6719244
17316664
5484582
12857080
15991497
11924206
1932075
14777707
9572694
4911919
15138756
5958217
573576
17850799
19351791
10630279
11526939
1888534
10380066
6295639
14612985
12975985
7960689
2421118
4050411
8287300
15368616
9133864
670515
7601425
6215880
6557326
962946
17096743
3312774
13946815
5813454
5992726
4058985
9153274
2630925
5200705
4225716
5952892
35751
3610900
3977115
884404
9164001
3714352
14425767
14107180
1970106
18618838
16762878
9672835
15026160
14626234
14314134
2832247
5494014
13809712
12006264
10219933
10162419
4353505
18859581
997495
545979
15063502
18397776
14475829
19163442
11647243
14039238
15148177
6909738
16516345
4813215
5169652
1089363
9824647
10318959
123832
12507081
681811
8742321
1205098
1473669
8559127
2742717
16491697
2323767
14258173
17220399
15802030
12828252
13079869
18452973
10513
1061862
7047046
10344240
2677213
9875793
15484705
818640
2521837
14223030
13670956
18032121
17625100
16596405
12899275
212979
1470715
8260773
12689389
19094919
4726420
16443570
17503153
4279758
11411134
10232442
11425828
11716536
997618
558402
16318225
4843308
8209045
7464861
12463129
16282872
1272655
8296926
16340842
7127625
18482719
3014859
3897613
12894915
19812832
17114994
5156125
19763349
12117211
1385367
19680838
3783600
1379602
19098573
5095474
13637598
14662963
18023763
16780942
11497299
18935107
8625621
9458611
13429749
13710427
1978479
19464511
1974786
19091518
4382919
1790182
446514
5017537
5765961
1195933
548004
15268027
19014588
16653202
18635772
18473212
2054652
7117771
17487465
2695270
11699550
19322245
7646133
10731388
1698735
11250580
14056701
16911940
4687884
12551434
5161464
262375
6459711
11144044
3296565
12309706
787149
19381459
13626747
13567012
7533777
19423645
17887533
3021712
4589766
2641516
6270396
12063442
15994911
12269020
16718076
5147833
18925857
7691371
15300426
2246674
6471780
12363013
6171156
2040202
5658321
10364506
4724079
16207129
13662825
17210890
14841621
16028008
15611817
13656952
16617717
15051787
17214561
15212392
13395453
10246531
12848817
15156934
7794195
5645437
9063222
13575886
8430051
9746254
2401266
2045359
6179178
2850424
7329891
18871372
2188386
584692
18973515
12504829
454359
5809882
5631954
7701439
16317294
4749277
18752127
10184854
6619440
7236460
9434841
11028979
11715213
863995
7102692
15964486
9196095
6955846
1133040
14236024
14983350
10302424
18494010
4155250
18876039
2659753
8112333
17737162
7874454
13751596
6136548
18585007
13345947
5246425
8843436
11417713
10896921
18417568
16474821
619291
2427801
4725394
16339944
7036927
9322221
19694572
5170734
1198645
821916
2852713
7561080
2141035
15842454
16911076
4600620
3737770
16790985
12511642
1142472
15188656
10998117
8598151
6684141
13771261
8122713
18785542
13559769
6802234
5658441
10376626
5948199
19601971
15858246
18506068
5373108
1598206
1097151
10611235
9603495
8022820
8696349
16602139
13478409
18625087
17394027
13298245
428523
3200446
2601687
2247667
6572073
2452393
7209186
6680167
13369887
7664365
12572820
7321450
18018831
16282810
1266393
7664464
12582819
8331349
19817565
17593027
13357032
6366010
1680243
9382888
5781726
2788198
1045065
5350549
19359960
11455348
14698056
1527943
14040801
15306040
2813688
3619555
4851270
9013207
8524371
19272574
2629362
5042842
8321766
18849682
20037909
19807558
16582320
11476690
16853598
18835555
18611082
15979522
10714731
16378
1654227
6755272
915279
12282376
18067032
1110898
11999682
9555151
3140076
16544530
7659900
12121855
1854411
6933643
18930750
8185564
5093280
13416004
12322182
2047225
6367644
1845277
6011109
5915668
16316340
4652923
9020373
9248137
12212088
10967944
5550678
19532776
8869551
14055328
16773267
10722124
763071
16949581
8489625
15763228
8909250
18064927
898293
10566790
5114550
15564274
8855109
12596686
9731916
953128
16105125
3360421
18759162
10895389
18262836
846889
5374986
1787884
214416
1615852
2879397
10256164
13821750
13222102
12778293
8034010
9826539
10510051
19424124
17935912
7907991
17138833
7563864
2422219
4161612
19518601
7437876
9737644
1531656
14415814
13101927
640618
4581828
1839778
5455710
9941008
2031207
4749826
18807576
15785203
11128725
1749346
16362291
9293974
16841625
17626282
16715787
4916644
15615981
14077516
19014255
16619569
15238839
16066600
19509609
6529684
18211317
15683683
875205
8234902
10076418
15707617
3292539
11903080
19838562
19713724
7105086
16206280
13577076
8550241
1845231
6006463
5446422
9002920
7485384
14535952
5195652
3715363
14527878
4380178
1513341
12565999
6632529
8558449
2674239
9575419
5187144
2856055
7898622
16192564
12191760
8914816
18627093
17596633
13721238
3070390
9506244
18240682
18649548
19864588
2302137
12073543
17015112
15108256
2877717
10086484
16724283
5774740
2082612
9941731
2104230
12125149
2187105
455311
5906034
15343306
6577554
3005974
3000228
2419882
3925575
15719077
4449999
8565262
3362352
18954193
10553307
3752767
18305682
5174335
1562346
17515504
5527209
17162407
9944838
2418037
3739230
16938445
7364889
2365957
18519363
6715903
16979223
11483467
17538075
7806880
6926622
18221629
16725195
5866852
11385924
7686232
14781387
9944374
2371173
19046179
19843893
211942
1365978
17722549
6398541
4965874
547998
15267421
18953382
10471396
15519969
4380304
1526067
13851325
16209177
13869673
18062325
635491
4064001
9659890
13718715
2815567
3809334
3978736
1048125
5659609
10494594
17862967
540546
14514769
3056169
8069923
13453752
16134730
6350526
116359
11752308
4610590
4744740
18293890
3983343
1513432
12575190
7560820
2114775
13190194
9555585
3183910
931551
13925848
3695787
12550702
5087532
12835456
13807473
11780125
7420107
7942975
632004
3711814
14169429
8257255
12334071
3248014
7406055
6523723
17609256
14996161
11596335
8897530
16881207
1583851
19687509
4457371
9309834
18443485
19092438
4475839
11175102
6433423
8488956
15695659
2084781
10160800
4189986
2344162
16318068
4827451
6607488
6029308
7753767
1562209
17501667
4129672
16292661
2261344
7953450
1689979
10366224
4897597
13692234
140986
14239635
15348061
7057809
11431303
12269511
16767667
10156524
3758110
18845325
19597852
15442227
16568575
10088445
16922344
5738688
18481573
2899113
12247480
14542536
5860636
10758108
4397455
3258318
8446759
11433762
12517870
1771500
18599845
14844585
16327372
5767155
1316527
12727998
2954215
17812782
15512074
3582909
1150024
15951408
7875217
13828659
13919911
3096150
12108004
455460
5921083
16863255
19810912
16921074
5610418
5526303
17070901
702732
10855342
14218089
13171915
7709406
17121961
5859792
10672864
15828024
15453646
17721894
6332386
18324432
7068085
12469179
16893922
2868066
9111733
18475497
2285437
10386843
6980116
3584310
1291525
10202796
8431582
9900885
18018997
16299576
2959759
18372726
11945779
4110948
14401537
11659950
15322645
4490793
12685456
18697686
4686313
12392763
9175906
4916757
15627394
15230229
15196990
11839851
13452433
16001511
12935620
3883824
11502226
19432734
18805522
15577749
10216084
9773670
5170282
1152993
16251277
18121773
6639739
9286659
16102810
3126606
15184060
10533921
1794781
911013
11851510
14629992
14693692
1087179
9604063
8080188
14490517
606717
1157827
16739511
7312768
17141949
7878580
14168322
8145448
1041564
4996948
3686472
11609887
10266282
14843668
16234755
16453051
18460734
794374
70971
7168120
2532501
15300094
2213142
3085048
10986702
7445236
10481004
16490377
2190447
792853
19957563
11692612
18621507
17032447
16859091
19390348
14524536
4042636
7502025
16216693
14628789
14572189
8855589
12645166
14628396
14532496
4846596
8541133
925323
13296820
284598
8704234
17398524
13752442
6221994
7174840
3211221
3689962
11962377
5787346
3355818
18294259
4020612
5277601
11992212
8800681
7099458
15637852
16286487
1637770
5093115
13399339
10639017
12409477
10864020
15094567
1495128
10726486
1203633
1325704
13654875
16407940
13904523
1541962
15456720
18032368
17650047
19116052
6860853
11578960
7142655
20000749
16054398
18277207
2298360
11692066
18566361
11462701
15440709
16415257
14643540
16062040
19049049
93550
9448599
12418537
11779080
7314562
17323143
6138961
18828720
17920747
6376326
2722159
14415339
13053952
15835356
16194178
12354774
5339017
18195228
14058694
17113233
4978264
1799388
1376320
18767091
11696218
18985713
13736827
4644879
8207929
7352145
1078813
8759097
2899474
12283941
18225097
17075463
1163494
17311878
5001196
4115520
14863309
18218496
16408762
13987545
9927184
634983
4012693
4477782
11371345
6213753
6342499
19345845
10029733
10992432
8023966
8812095
8252272
11830788
12537070
3710700
14056915
16933554
6870898
12593505
9410635
8584173
5272363
11463174
15488482
1200117
970588
17868585
1107964
11703348
19705843
6309105
15973051
10061160
14166559
7967385
3097414
12235668
13349524
5607702
5251987
9405198
8035036
9930165
936064
14381661
9652474
12969699
7325803
18458484
567124
17199147
13655578
16478943
1035613
4395897
3100960
12593814
9441844
11736282
2991964
1585218
19825576
18402138
14916391
3539565
16812493
14683950
103237
10426986
11034559
12278793
17705149
4641141
7830391
9301233
17574784
11514489
631084
3618894
4784509
2270346
8862652
13358529
6517207
16951140
8647084
11626374
11931469
2665638
8706718
17649408
19051513
342414
14543650
5973150
2081809
9860628
13953040
6442179
9373312
4814550
5304487
14707698
2501785
12197778
9522634
19896072
5482021
12598419
9906949
18631461
18037801
18198780
14417446
13266759
17288650
2655168
7649248
11046003
13434637
14204115
11760541
5442123
8568721
3711711
14159026
7206552
6414133
6540666
19320499
7469787
12960655
6412359
6361492
1223925
3375196
211224
1293460
10398231
8130304
19552233
10834708
12134055
3086611
11144565
3349186
17624427
16528432
6034002
8227861
9365277
4003015
3500304
12847132
14986749
10645723
13086783
19151287
10419588
10287361
16972647
10819291
10576938
6139498
18882957
3358471
18562212
11043652
13197186
10261777
